955.527, 743.279, 180.466
1324.905, 407.664, 142.069
1902.431, 777.915, 157.769
1005.556, 457.689, 33.173
516.524, 793.324, 246.391
852.596, 614.471, 170.380
74.013, 876.191, 245.757
443.225, 397.152, 165.758
1169.976, 479.131, 37.285
1725.020, 47.342, 212.639
729.433, 966.937, 113.113
504.975, 204.313, 140.135
165.641, 305.064, 127.900
1603.667, 169.711, 105.992
1158.334, 145.116, 81.737
1333.293, 197.622, 209.816
66.337, 12.643, 244.818
446.873, 11.227, 145.189
667.550, 83.946, 23.765
476.370, 997.575, 254.139
1935.197, 925.730, 191.215
64.043, 1017.731, 132.961
740.391, 955.154, 225.354
1638.940, 268.195, 122.920
1705.059, 686.532, 177.749
30.111, 204.493, 247.305
1779.719, 548.603, 42.722
1498.636, 156.769, 122.756
1891.025, 603.426, 206.798
126.005, 204.700, 182.208
947.282, 783.726, 104.620
1338.464, 797.827, 37.651
1188.505, 662.879, 167.555
645.137, 199.254, 225.930
992.774, 511.826, 75.827
130.234, 370.625, 209.470
1507.474, 86.768, 160.068
242.993, 297.638, 156.940
1581.455, 1027.933, 192.934
1611.746, 152.096, 156.267
60.292, 390.741, 48.797
754.015, 255.548, 213.415
1664.134, 1014.090, 116.773
243.357, -5.695, 64.782
105.182, 500.450, 68.549
1163.058, 489.672, 208.244
411.250, 585.225, 145.965
1687.887, 184.716, 73.458
1079.562, 379.769, 170.828
102.665, 748.173, 150.262
660.107, 673.227, 99.488
1851.014, 565.900, 86.373
1015.933, 315.212, 112.602
643.765, 695.964, 191.329
1734.294, 412.431, 96.378
1453.070, 1062.916, 157.691
857.710, 1013.182, 130.849
1259.934, 949.665, 68.787
1056.632, 578.072, 229.088
1580.107, 281.495, 221.531
1109.745, 793.145, 126.959
468.541, 294.370, 197.493
1291.423, 579.785, 249.929
358.194, 57.789, 100.997
866.201, 118.767, 158.742
199.922, 23.145, 193.881
1727.459, 8.616, 240.937
1600.334, 336.397, 228.905
1068.452, -3.558, 122.359
1699.710, 929.185, 98.953
1020.904, 743.694, 194.380
1082.400, 343.319, 140.294
1284.451, 67.765, 52.827
1837.610, 440.140, 72.202
1368.077, 619.796, 129.340
1296.613, 273.865, 112.914
226.495, 612.768, 47.673
1704.948, 725.536, 20.818
1132.294, 704.472, 100.683
932.084, 949.702, 55.880
1050.871, 751.685, 98.138
1206.604, 684.240, 224.162
1091.890, 497.509, 96.564
449.115, 92.141, 117.107
876.405, 255.540, 157.449
928.756, 254.458, 197.504
1609.895, 848.059, 18.203
441.213, 893.309, 242.239
1291.753, 456.724, 112.225
1757.238, 794.697, 23.731
842.324, 1051.851, 8.765
619.487, 1042.298, 171.194
1192.482, 140.635, 174.274
475.853, 227.916, 35.755
90.731, 803.865, 64.578
1902.309, 368.681, 84.886
1512.660, 467.364, 57.807
1832.767, 476.725, 135.480
1751.125, 81.759, 97.412
1303.238, 1007.161, 168.711
799.050, 959.078, 169.230
1697.693, 507.134, 239.389
1734.990, 1036.007, 121.484
1110.630, 551.451, 97.346
1165.162, 835.634, 237.244
140.752, 731.385, 14.175
1106.233, 811.293, 9.993
1103.279, 96.786, 90.730
573.501, 305.329, 141.907
907.419, 617.665, 242.446
1289.096, 162.315, 180.008
1237.565, 573.198, 238.974
1538.825, 539.382, 50.698
1859.859, 975.792, 72.277
1591.996, 819.865, 45.826
1667.668, 402.237, 207.132
1604.787, 571.643, 122.524
630.611, 713.244, 98.464
743.518, 220.887, 221.558
418.322, 199.174, 248.769
259.554, 832.061, 190.164
131.148, 287.916, 106.571
1893.400, 22.945, 166.726
233.040, 592.404, 143.502
198.894, 937.702, 153.904
1093.734, 883.316, 225.837
467.533, 902.623, 18.800
1280.894, 227.572, 74.771
490.942, 356.819, 97.985
151.095, 161.917, 36.691
241.954, 388.790, 68.488
934.695, 707.387, 111.299
1208.389, 17.336, 132.044
1722.760, 1027.457, 145.253
732.438, 169.391, 131.840
976.792, 675.426, 131.423
1063.025, 614.093, 112.091
237.942, 784.483, 46.545
1880.693, 296.000, 39.618
1573.668, 211.168, 12.077
742.105, 575.072, 23.177
1600.237, 1005.900, 74.124
961.158, 782.756, 97.136
1464.914, 684.559, 57.792
1410.857, 1004.659, 200.215
1511.000, 1009.868, 107.330
1916.935, 26.770, 212.261
295.849, 210.482, 52.043
125.394, 936.087, 56.053
402.304, 218.999, 127.173
965.502, 31.832, 200.252
330.208, 738.430, 77.992
695.936, 1046.157, 232.722
1644.906, 519.980, 48.317
1718.505, 245.055, 96.620
1289.409, 882.885, 203.296
1845.538, 738.943, 202.958
701.083, 339.342, 203.031
1355.500, 575.285, 215.444
827.306, 827.399, 151.979
1484.355, 641.611, 84.005
646.356, 828.324, 41.825
282.462, 911.950, 26.489
554.746, 752.690, 195.599
880.171, 820.882, 58.830
1599.276, 609.730, 112.811
1587.349, 305.678, 145.329
1826.787, 1034.137, 90.138
706.516, 171.352, 214.634
1541.011, 173.862, 186.760
801.326, 822.832, 231.967
1142.923, 773.653, 184.210
540.224, 1000.144, 71.133
1798.742, 1045.203, 244.018
1009.904, 924.841, 142.357
1345.968, 666.741, 117.585
1804.939, 1027.286, 171.151
49.435, 1026.003, 255.000
1688.051, 993.862, 64.423
1822.347, 522.852, 146.757
1875.063, 194.946, 153.910
1811.666, 755.836, 190.016
1814.696, 24.458, 233.204
1884.224, 908.868, 125.995
1689.727, 310.882, 44.639
832.092, 1036.953, 183.884
466.635, 282.217, 24.130
523.261, 699.754, 97.766
768.264, 141.729, 188.948
1725.313, 1005.390, 188.072
869.402, 432.072, 79.985
1035.232, 497.087, 143.099
1798.919, 620.846, 207.202
1010.519, 235.965, 154.353
1900.608, 417.565, 146.979
491.498, 555.620, 169.430
581.725, 598.863, 176.574
161.345, 837.938, 221.007
1266.458, 683.663, 91.084
1596.776, 146.682, 74.857
442.219, 1042.156, 151.633
786.923, 483.971, 102.973
1203.135, 725.364, 38.015
1452.375, 137.428, 173.770
1399.192, 839.991, 165.370
892.256, 771.780, 36.748
1596.340, 208.843, 216.425
665.130, 603.095, 196.889
790.562, 998.165, 40.735
691.038, 967.634, 207.601
1003.954, 1014.400, 129.777
1202.676, 1014.693, 208.668
1450.347, 537.109, 132.903
951.990, 92.043, 177.455
1464.220, 828.236, 117.485
967.578, 348.705, 147.000
230.518, 569.233, 130.692
453.790, 1043.823, 208.366
569.478, 123.380, 57.210
105.403, 315.165, 42.018
1497.884, 459.715, 85.245
1775.377, 1037.753, 86.993
725.415, 623.290, 89.589
663.982, 1022.437, 95.068
626.825, 934.978, 49.355
1763.327, 775.429, 171.196
1322.471, 1003.081, 170.782
1121.199, 39.844, 81.274
1087.897, 728.235, 243.348
572.572, 973.377, 180.142
1884.786, 227.097, 39.722
251.105, 727.440, 171.986
1347.682, 508.858, 149.391
628.668, 274.961, 189.062
1387.863, 944.102, 156.359
1602.316, 789.278, 255.000
1579.910, 833.259, 110.777
269.849, 479.313, 73.188
673.121, 864.432, 157.817
933.291, 587.307, 158.035
258.311, 275.681, 237.422
727.946, 9.685, 98.431
930.977, 1043.680, 254.028
1103.932, 748.678, 98.406
449.106, 774.917, 194.515
1219.946, 331.017, 193.953
147.422, 435.619, 117.240
1035.677, 659.448, 199.580
332.904, 820.445, 232.673
1576.294, 1010.747, 123.863
118.497, 489.604, 203.405
1308.619, 20.192, 106.005
96.056, 466.556, 204.861
303.298, 749.524, 183.485
1522.386, 897.535, 193.665
248.101, 902.915, 108.715
678.416, 446.244, 227.674
149.707, 260.404, 80.462
752.771, 154.339, 235.169
291.094, 348.182, 91.277
1551.860, 521.028, 118.561
1363.717, 1040.322, 227.747
1341.366, 37.056, 111.644
1276.121, 917.771, 157.496
974.484, 902.565, 97.704
1294.082, 555.039, 63.057
432.532, 71.236, 40.799
1143.094, 376.034, 84.435
951.277, 166.135, 150.936
1885.608, 1066.390, 49.149
1102.619, 816.593, 190.779
155.144, 739.947, 139.335
70.039, 141.172, 69.590
1911.143, 1067.859, 101.940
964.207, 583.243, 105.029
1623.625, 111.496, 118.962
949.290, 860.691, 68.147
457.938, 825.710, 224.560
1146.406, 833.051, 133.065
639.861, 255.841, 19.163
993.885, 928.349, 236.829
581.095, 91.149, 86.881
596.077, 185.949, 127.727
913.724, 533.314, 37.875
339.307, 657.499, 96.768
197.490, 244.486, 192.032
209.956, 572.150, 80.079
704.234, 945.165, 173.697
1926.292, 324.555, 93.886
125.900, 214.430, 24.256
780.755, 327.730, 204.146
958.569, 116.061, 196.755
348.499, 637.093, 141.913
88.387, 686.547, 162.340
509.622, 153.427, 249.298
103.006, 875.684, 114.804
543.703, 692.120, 64.691
653.083, 112.577, 169.571
369.894, 700.002, 192.481
1796.469, 842.251, 28.831
836.941, 871.062, 97.445
743.362, 1052.936, 53.570
1372.919, 745.948, 89.263
1241.619, 71.205, 201.266
349.803, 548.363, 202.491
930.274, 381.515, 169.370
1887.583, 205.666, 199.746
1500.241, 1014.211, 221.493
84.644, 426.954, 51.074
932.209, 559.669, 221.207
1384.276, 943.995, 38.588
157.200, 863.066, 130.040
1208.223, 470.235, 107.356
65.957, 917.932, 184.118
1911.273, 744.717, 92.483
664.226, 898.142, 246.482
1513.670, 1052.405, 79.033
917.038, 997.612, 44.068
864.320, 785.972, 122.716
1076.298, 885.848, 239.453
1167.781, 406.095, 160.010
1068.205, 676.293, 96.754
158.568, 639.125, 217.589
1209.942, 22.235, 237.733
146.907, 800.181, 106.987
944.616, 340.010, 99.818
1644.426, 63.419, 194.528
808.991, 183.881, 104.403
1408.258, 671.964, 139.752
1482.802, 549.013, 117.535
1497.676, 592.985, 174.900
513.184, 940.446, 140.935
1450.691, 937.207, 234.316
334.475, 777.936, 186.801
668.421, 734.627, 216.091
1029.709, 779.118, 130.864
768.478, 982.904, 47.169
1742.199, 27.122, 105.295
1882.851, 911.758, 139.817
1313.069, 302.092, 35.340
1052.903, 1066.243, 208.647
872.129, 918.972, 222.097
1832.861, 71.208, 90.735
616.837, 570.466, 174.407
1670.623, 847.907, 247.711
1662.541, 993.945, 221.250
1275.003, 454.508, 67.042
802.684, 508.140, 111.802
1793.221, 219.113, 13.241
158.931, 59.647, 54.582
1920.745, 1020.259, 53.266
923.921, 1003.823, 38.988
591.545, 542.030, 234.614
493.658, 71.201, 199.555
995.941, 128.131, 113.062
287.723, 210.018, 95.767
183.580, 823.409, 235.585
313.607, 394.810, 112.751
323.084, 923.548, 101.926
705.602, 673.110, 81.130
424.065, 914.681, 103.970
125.848, 152.162, 51.756
1747.697, 220.237, 170.232
1816.145, 344.287, 147.050
882.940, 499.378, 245.120
522.778, 895.402, 120.267
397.618, 423.333, 185.490
279.168, 723.530, 255.000
1726.970, 203.381, 170.988
1079.682, 533.544, 35.833
1211.767, 219.115, 83.820
272.805, 314.100, 216.838
490.913, 50.032, 196.038
1590.123, 438.328, 164.289
234.330, 793.035, 35.257
210.356, 243.593, 95.591
195.011, 404.437, 125.355
863.798, 258.786, 134.152
1383.890, 774.869, 92.110
1753.292, 957.950, 194.224
1208.258, 582.418, 174.533
495.896, 864.527, 163.047
480.943, 848.199, 132.316
1502.323, 538.927, 123.637
765.885, 968.778, 58.918
204.239, 44.786, 76.693
1348.188, 809.056, 187.756
1497.747, 872.010, 85.233
1397.033, 1032.609, 239.434
439.597, 910.868, 106.270
1544.539, 863.640, 144.646
296.449, 103.252, 94.965
588.095, 135.660, 231.359
336.593, 825.742, 154.379
1838.464, 358.429, 44.168
91.714, 723.125, 45.149
1708.973, 878.072, 190.133
17.999, 1010.379, 129.196
160.922, 141.963, 86.904
1887.394, 409.789, 189.685
285.451, 515.740, 225.285
307.196, 811.147, 78.603
1835.185, 884.414, 205.836
312.824, 836.501, 54.239
1322.900, 861.477, 100.527
1546.269, 397.710, 73.322
1594.002, 670.852, 49.549
1657.324, 590.646, 198.782
813.473, 670.199, 208.882
1148.437, 478.305, 213.772
1200.501, 130.338, 219.441
1646.894, 750.810, 125.783
1389.529, 823.964, 199.030
1612.232, 28.063, 63.249
520.786, 539.100, 200.506
1189.670, 679.522, 76.106
1199.376, 708.073, 131.418
235.680, 51.097, 99.862
1913.762, 722.631, 34.780
265.993, 902.397, 149.226
171.329, 859.930, 114.911
564.370, 90.751, 238.392
1424.024, 1050.720, 53.456
836.174, 242.087, 34.759
984.094, 282.259, 195.343
446.345, 451.610, 168.240
1047.846, 190.074, 85.910
1022.430, 140.595, 9.856
1229.495, 136.984, 44.568
546.232, 642.162, 155.743
848.322, 398.083, 40.574
1351.456, 301.070, 145.559
198.428, 550.513, 39.142
1689.537, 52.317, 53.856
1780.599, 715.631, 114.547
1683.493, 866.063, 110.224
125.624, 484.243, 132.311
576.742, 60.595, 38.719
1464.562, 176.752, 38.766
709.523, 209.612, 96.401
471.873, 926.965, 37.121
1145.116, 715.983, 187.694
493.616, 961.378, 57.476
682.744, 676.815, 255.000
867.985, 929.131, 235.147
1071.662, 902.502, 89.467
231.482, 104.252, 194.072
18.647, 1046.109, 105.321
1037.850, 322.362, 114.850
525.960, 196.347, 164.824
790.348, 948.125, 240.360
1861.889, 347.809, 116.989
1205.086, 924.426, 247.880
1056.187, 463.882, 102.857
790.395, 462.763, 96.562
589.666, 718.348, 21.389
1666.991, 277.515, 80.730
1323.292, 176.126, 150.721
1917.904, 488.936, 172.666
1451.954, 65.717, 41.600
1482.834, 893.054, 210.628
285.669, 520.753, 161.819
1496.723, 774.260, 23.670
1849.872, 1069.875, 166.490
898.844, 80.987, 223.716
1609.552, 781.784, 244.755
891.536, 1059.888, 209.578
1560.706, 1011.364, 34.907
112.552, 992.262, 195.886
1264.507, 774.963, 111.458
1309.451, 947.473, 59.348
742.363, 246.181, 37.360
1146.693, 257.953, 101.837
1748.835, 631.087, 133.149
172.932, 249.685, 29.631
1506.275, 251.356, 154.445
1805.934, 343.294, 173.847
688.076, 88.061, 26.390
262.226, 882.738, 100.172
480.264, 735.124, 156.332
1319.079, 266.243, 103.908
548.941, 18.389, 206.762
1303.655, 825.799, 44.393
1201.213, 497.664, 240.754
264.545, 225.847, 111.512
1902.613, 529.533, 240.550
673.405, 363.282, 125.379
198.749, 618.599, 40.656
215.947, 267.591, 246.847
218.876, 59.463, 40.413
307.529, 411.357, 164.069
1241.456, 1067.560, 142.548
1780.661, 581.582, 193.548
1081.776, 406.423, 167.510
308.429, 181.995, 77.814
1033.023, 170.581, 241.194
1322.542, 204.323, 50.877
386.249, 773.751, 113.982
1166.941, 552.549, 69.529
1844.072, 236.064, 114.408
1160.157, 335.504, 178.611
1208.537, 938.696, 140.210
481.530, 434.867, 121.768
1730.251, 38.819, 185.477
440.124, 867.370, 63.550
1633.331, 677.567, 135.311
901.706, 406.241, 89.378
1185.167, 77.367, 242.521
676.288, 168.630, 176.247
22.666, 1064.477, 122.027
1472.456, 551.118, 119.475
432.912, 500.456, 48.247
326.490, 548.617, 219.214
452.452, 644.426, 241.242
1767.585, 612.997, 138.077
1308.892, 323.626, 110.484
348.568, 370.425, 52.791
922.364, 457.123, 204.676
218.996, 1064.686, 170.890
421.327, 1046.920, 194.741
1210.887, 108.496, 240.149
181.406, 448.292, 240.756
1046.122, 341.212, 93.329
1805.479, 370.399, 117.428
1574.794, 270.637, 165.227
505.625, 436.061, 170.801
977.016, 131.064, 227.994
132.009, 333.129, 134.279
702.171, 327.564, 205.624
53.409, 20.234, 164.580
1821.685, 1031.653, 183.572
1524.897, 106.194, 113.218
144.649, 102.960, 65.447
1004.035, 902.555, 238.343
1613.163, 302.567, 64.209
693.974, 32.128, 172.717
1196.971, 337.554, 165.429
75.683, -2.117, 111.587
831.567, 188.970, 120.415
1093.411, 69.697, 78.435
696.069, 921.501, 202.725
941.343, 71.978, 219.631
269.591, 680.090, 37.669
709.746, 119.580, 92.486
1386.990, 487.748, 134.250
377.006, 903.792, 77.262
1558.810, 740.893, 35.278
459.138, 159.836, 243.011
578.738, 864.218, 242.430
882.297, 448.587, 213.104
1223.428, 342.534, 144.158
481.420, 1010.615, 116.386
536.747, 550.600, 228.744
1751.720, 460.378, 121.175
1035.401, 857.362, 32.042
1169.093, 230.550, 38.268
1072.310, 1002.634, 140.689
1657.534, 957.438, 231.264
1379.826, 769.144, 189.023
1437.998, 172.379, 212.689
329.608, 955.783, 24.614
1217.866, 30.769, 241.184
49.547, 417.309, 158.017
140.261, 613.676, 89.161
1269.240, 122.755, 161.301
185.823, 1048.767, 183.661
1543.602, 910.908, 31.873
460.676, 489.952, 65.293
1012.847, 726.802, 255.000
1099.701, 206.894, 233.369
1445.527, 319.473, 84.610
1313.305, 403.664, 49.400
1119.363, 941.852, 234.007
1490.101, 474.364, 61.827
1378.379, 759.297, 227.165
276.116, 88.751, 220.906
1457.876, 79.797, 155.082
1180.475, 820.539, 179.599
252.216, 520.465, 70.956
1508.506, 950.936, 94.698
1083.190, 83.941, 235.867
62.998, 693.435, 67.038
339.963, 183.911, 146.596
1708.617, 632.376, 158.183
224.057, 332.860, 88.439
1479.304, 361.214, 73.016
1411.949, 133.385, 142.582
602.131, 117.918, 104.757
1054.256, 625.249, 147.204
740.861, 691.988, 102.437
1426.143, 8.400, 95.329
219.117, 145.612, 185.137
1005.802, 642.235, 192.191
720.094, 471.787, 175.810
1171.115, 417.425, 113.948
1067.867, 363.415, 238.126
719.193, 1003.015, 169.857
1166.796, 854.850, 218.976
1101.586, 618.698, 218.446
988.404, 972.789, 132.164
949.347, 454.430, 103.015
1564.537, 365.314, 82.004
1934.827, 497.784, 229.977
574.799, 925.790, 155.609
1177.599, 1006.861, 121.288
224.782, 251.113, 197.909
95.177, 753.207, 91.281
1500.356, 948.868, 202.903
447.570, 299.416, 43.923
1257.880, 330.388, 111.371
657.241, 342.321, 224.729
1787.394, 558.153, 210.443
1124.609, 636.958, 244.598
1270.895, 75.192, 228.710
387.866, 109.051, 233.543
140.613, 856.959, 133.663
1433.537, 557.906, 146.158
1497.254, 393.073, 210.436
1694.276, 858.328, 152.643
911.649, 140.967, 55.293
403.727, 775.329, 70.202
1592.031, 771.548, 165.264
825.387, 492.371, 211.485
1584.297, 104.640, 199.576
501.844, 822.734, 51.543
718.179, 748.694, 44.477
1000.148, 468.335, 72.264
974.526, 568.408, 247.295
1450.830, 625.884, 83.525
46.366, 319.410, 33.996
396.612, 81.344, 88.682
1066.546, 293.267, 74.763
441.242, 556.379, 169.632
516.594, 249.303, 97.444
1160.210, 842.492, 55.643
34.432, 753.720, 195.301
579.714, 718.280, 85.048
424.839, 786.258, 224.140
1715.209, 694.829, 186.514
1916.986, 815.751, 132.644
748.391, 945.654, 210.778
1317.273, 887.409, 227.392
768.836, 187.002, 31.282
510.235, 611.429, 77.839
969.515, 622.476, 141.323
1542.794, 763.423, 199.477
35.313, 663.370, 228.137
1796.080, 798.574, 246.016
1585.742, 695.796, 241.051
822.974, 179.537, 211.657
31.137, 562.281, 176.456
1700.525, 971.005, 186.131
1934.754, 49.478, 116.171
121.705, 431.316, 94.264
1195.608, 20.913, 144.151
735.462, 580.875, 211.350
437.605, 964.862, 54.130
1926.671, 702.049, 199.874
803.490, 645.664, 126.888
1161.041, 463.983, 188.710
925.742, 1048.588, 99.033
1899.446, 531.687, 102.357
46.367, 699.819, 93.970
905.531, 768.170, 113.847
130.157, 1031.080, 72.268
681.384, 627.018, 48.318
1718.921, 84.335, 234.764
187.728, 314.837, 88.923
1714.277, 596.414, 202.856
1486.877, 648.189, 27.531
1477.760, 833.624, 27.548
500.372, 641.549, 87.720
1491.683, 745.324, 108.012
716.982, 482.087, 88.311
1267.916, 279.122, 78.367
163.852, 370.307, 185.372
1851.377, 217.368, 250.230
1020.613, 616.008, 153.685
1725.629, 901.677, 249.938
1060.754, 33.772, 221.285
858.125, 1054.795, 36.563
1705.404, 458.378, 93.690
380.659, 113.493, 229.634
301.174, 380.111, 168.140
616.936, 473.666, 58.029
715.367, 849.343, 134.772
522.088, 435.514, 56.606
1343.410, 516.080, 17.306
1323.913, 964.429, 143.675
1057.793, 1003.664, 137.271
585.097, 253.649, 47.821
461.091, 827.969, 183.486
1229.538, 705.517, 109.733
1931.940, 762.560, 192.727
369.089, 449.948, 47.363
1656.922, 17.454, 98.763
213.624, 1045.284, 145.967
994.009, 60.751, 204.331
842.993, 848.968, 134.238
1301.891, 112.561, 186.820
1417.414, 637.033, 248.803
317.411, 622.548, 136.421
1315.379, 170.158, 61.319
890.458, 697.631, 165.146
1618.669, 905.073, 44.226
69.644, 2.100, 97.798
1355.815, 335.385, 112.137
765.829, 1040.073, 70.924
1672.844, 813.476, 214.743
1383.646, 1009.420, 78.957
1102.335, 731.468, 131.981
1899.349, 658.544, 48.436
1460.292, 807.277, 145.923
322.757, 654.113, 40.486
306.413, 991.626, 113.626
616.705, 276.279, 181.216
195.559, 836.958, 233.259
1565.657, 1013.895, 12.196
949.334, 590.579, 110.157
323.074, 617.770, 175.398
1141.634, 79.209, 87.209
1569.658, 740.373, 29.367
917.440, 292.828, 73.053
941.361, 265.352, 79.744
1078.377, 389.238, 23.369
1383.751, 798.309, 186.338
1095.937, 976.243, 67.270
658.851, 326.871, 45.451
92.780, 100.119, 88.986
111.896, 742.949, 28.748
92.247, 757.178, 84.061
44.780, 781.210, 166.606
540.315, 12.923, 229.884
1367.532, 38.157, 99.553
1008.034, 422.648, 103.994
882.967, 245.844, 121.464
1361.243, 904.026, 122.532
1454.882, 727.972, 172.072
726.138, 652.070, 181.481
1702.005, 766.722, 161.810
164.300, 711.358, 108.834
758.077, 154.160, 147.607
338.357, 757.231, 185.556
821.687, 93.315, 240.043
1330.669, 454.234, 111.029
1269.865, 244.540, 156.104
213.803, 895.117, 114.798
1696.116, 791.482, 168.463
698.951, 903.491, 192.906
565.307, 824.924, 63.521
1454.863, 220.802, 221.485
573.194, 81.965, 210.978
1805.829, 272.051, 198.262
510.146, 257.058, 110.162
124.845, 235.013, 129.672
1744.077, 281.434, 190.000
1079.467, 586.463, 19.800
490.482, 506.393, 93.513
1213.135, 652.328, 212.774
987.198, 536.062, 147.548
435.692, 764.406, 89.065
1845.328, 373.421, 205.257
1266.755, 258.605, 131.060
1369.799, 496.252, 246.528
76.234, 262.290, 196.934
922.380, 131.073, 239.526
1855.051, 582.357, 85.314
129.057, 66.676, 126.569
1895.293, 631.300, 228.962
1705.480, 287.060, 191.328
725.099, 813.347, 243.068
1406.422, 785.356, 245.216
535.672, 103.187, 76.380
128.617, 105.936, 145.277
733.186, 357.443, 118.198
1346.705, 491.096, 139.956
1198.303, 1029.207, 157.657
941.777, 213.816, 164.935
763.439, 488.326, 47.383
1504.365, 350.228, 164.606
206.562, 493.986, 115.406
807.320, 739.034, 208.312
528.625, 787.831, 117.677
1815.619, 629.597, 86.221
1868.356, 218.685, 23.108
1685.621, 1014.052, 49.888
544.471, 147.310, 238.413
157.004, 304.101, 66.529
528.570, 1056.234, 189.091
1824.309, 695.785, 207.837
967.106, 175.851, 9.256
895.431, 462.617, 115.797
181.207, 674.047, 143.569
124.537, 600.322, 135.315
1582.646, 129.187, 180.752
608.617, 519.067, 187.287
996.880, 1012.019, 65.622
461.101, 447.035, 106.367
1211.538, 1047.765, 231.359
1918.135, 577.287, 68.557
835.378, 1056.537, 119.316
472.476, 843.894, 10.734
1066.551, 727.550, 62.925
1537.319, 239.286, 135.930
307.956, 704.814, 222.783
952.116, 987.200, 254.533
1676.750, 601.977, 35.991
1870.213, 238.851, 153.090
1719.627, 434.390, 139.233
421.581, 859.521, 75.188
704.774, 518.156, 220.341
755.923, 754.465, 220.270
1323.877, 151.289, 162.361
1033.136, 967.360, 111.996
928.288, 549.617, 228.698
179.703, 75.651, 103.557
545.680, 598.966, 220.280
1442.697, 390.991, 198.429
1321.343, 13.793, 153.709
1091.000, 870.543, 59.078
322.457, 797.143, 208.428
521.331, 647.420, 153.062
1153.898, 395.174, 48.951
1376.165, 329.796, 100.673
904.297, 843.898, 76.135
615.399, 1013.916, 72.372
994.220, 381.516, 22.170
859.836, 1041.777, 235.638
1292.997, 880.998, 205.421
800.955, 945.074, 35.955
1788.236, 693.808, 210.391
1414.701, 6.648, 165.346
1402.530, 641.829, 55.051
1492.249, 537.365, 120.658
701.101, 296.768, 154.338
361.610, 694.006, 60.091
376.261, 140.189, 244.355
1791.400, 196.678, 184.289
1367.427, 484.464, 165.977
512.898, 305.217, 63.157
97.698, 229.398, 90.748
198.244, 122.108, 11.031
1911.350, 405.014, 219.786
1706.874, 850.980, 119.029
934.344, 115.617, 96.698
1099.735, 283.546, 93.133
1856.039, 444.070, 123.643
1254.526, 220.021, 31.772
1536.756, 160.171, 234.255
1709.045, 32.913, 220.929
1748.038, 778.020, 57.215
802.178, 377.773, 47.059
1175.669, 1067.268, 58.098
68.088, 422.980, 235.381
1784.141, 324.143, 202.816
86.397, 234.466, 233.541
1561.578, 363.206, 52.209
1841.995, 346.170, 206.460
620.852, 994.502, 238.743
923.498, 262.179, 164.955
523.666, 56.822, 47.183
985.672, 300.721, 238.283
97.085, 534.226, 61.217
307.595, 724.895, 191.548
148.146, 991.276, 122.234
1375.961, 942.572, 237.640
1931.139, 485.118, 159.592
954.844, 228.153, 248.489
233.493, 392.786, 234.593
578.249, 241.353, 143.363
1803.422, 187.953, 57.164
1742.381, 219.540, 95.214
1749.654, 1033.351, 80.376
1688.470, 495.509, 147.175
1263.088, 62.223, 139.384
1305.913, 624.701, 215.935
932.580, 722.809, 59.321
1150.241, 590.807, 159.243
859.817, 862.657, 114.433
47.385, 905.111, 236.244
816.177, 853.961, 89.572
543.585, 421.540, 226.183
399.806, 180.848, 143.627
1297.415, 376.208, 255.000
770.723, 732.816, 176.046
1765.293, 626.679, 148.954
996.206, 14.309, 22.594
934.292, 917.719, 33.220
369.521, 37.189, 118.547
1769.894, 17.081, 91.953
532.291, 692.829, 172.950
260.701, 390.121, 145.141
372.349, 648.093, 90.451
991.122, 50.692, 149.490
320.489, 286.505, 161.552
205.213, 963.313, 192.503
634.750, 16.888, 43.734
36.099, 167.040, 87.121
816.752, 544.604, 62.479
794.838, 749.184, 212.290
418.097, 157.831, 238.905
685.103, 609.778, 202.383
1493.626, 809.347, 237.268
975.149, 838.362, 194.693
799.651, 364.877, 53.789
84.526, 459.461, 91.377
608.472, 310.724, 213.124
48.033, 618.821, 213.999
1178.482, 680.129, 201.707
1248.523, 361.065, 69.725
805.358, 292.419, 62.970
203.759, 491.074, 184.577
1265.292, 32.574, 36.637
1607.392, 763.926, 238.916
20.552, 666.207, 122.904
336.240, 251.416, 108.365
1763.305, 849.634, 41.139
1664.460, 128.529, 231.019
1536.504, 935.954, 168.492
1692.363, 44.607, 159.241
780.935, 779.062, 131.729
1798.083, 232.891, 51.145
1173.756, 185.651, 34.409
797.963, 700.186, 229.083
1719.961, 241.189, 125.604
750.763, 1056.051, 97.203
1507.115, 816.306, 119.171
793.841, 549.431, 215.733
1325.078, 679.888, 245.739
180.744, 305.648, 196.000
247.763, 898.465, 159.988
1132.153, 713.784, 88.108
1368.348, 137.704, 26.808
1147.686, 768.814, 240.625
145.563, 36.316, 54.324
134.652, 261.059, 179.666
1127.804, 109.141, 53.914
546.647, 206.902, 148.756
400.406, 745.254, 208.539
842.954, 717.886, 118.179
189.763, 685.708, 120.382
1066.907, 488.775, 85.401
295.892, 582.988, 41.300
881.487, 216.730, 249.396
983.167, 1066.421, 80.342
827.323, 46.823, 71.477
536.290, 828.650, 236.615
276.879, 1063.241, 230.223
1700.800, 631.677, 158.875
113.076, 330.826, 213.954
1748.289, 909.834, 62.191
977.241, 100.425, 91.121
1028.010, 505.780, 175.820
1173.233, 53.633, 165.424
570.099, 11.232, 184.616
1314.081, 664.312, 94.060
1433.240, 661.325, 213.328
622.176, 647.219, 70.383
112.547, 4.116, 107.829
124.533, 903.453, 44.268
1132.650, 298.801, 179.362
669.271, 1005.147, 26.380
669.495, 909.317, 224.798
257.678, 453.751, 169.181
862.916, 835.098, 46.908
591.770, 856.815, 119.486
872.505, 79.126, 83.832
1109.597, 288.847, 237.696
1257.780, 753.818, 153.882
1772.238, 1032.762, 147.489
142.922, 795.708, 80.169
1261.974, 436.096, 65.333
459.416, 674.027, 76.621
1671.775, 894.472, 55.484
1509.869, 153.637, 123.410
467.413, 469.670, 68.946
157.894, 844.602, 232.743
174.148, 231.912, 56.847
1710.137, 372.973, 170.883
1664.074, 889.426, 192.585
424.680, 697.527, 20.874
1202.003, -1.812, 205.516
1873.827, 540.568, 100.788
1125.043, 1054.993, 91.180
364.866, 637.617, 125.365
893.179, 878.388, 53.326
1678.676, 406.621, 42.188
1555.888, 282.770, 233.538
1471.442, 471.241, 252.797
1741.215, 771.806, 109.474
1808.673, 1046.395, 111.181
28.879, 123.889, 87.439
936.176, 188.831, 45.052
464.433, 1024.611, 63.365
1291.432, 973.502, 161.133
761.072, 483.142, 45.621
294.050, 484.718, 76.763
1263.738, 914.633, 122.262
1524.839, 250.266, 127.908
575.422, 271.568, 202.313
476.263, 915.890, 88.713
1322.196, 836.907, 106.949
101.460, 298.894, 105.869
1215.912, 970.835, 17.112
1116.797, 252.109, 165.712
641.343, 1038.647, 41.645
1652.616, 81.704, 207.297
180.013, 322.540, 220.194
495.700, 632.558, 87.342
571.396, 633.958, 168.397
879.416, 59.428, 66.199
1927.955, 156.087, 111.952
603.912, 798.336, 48.570
440.740, 70.872, 250.858
1579.795, 889.726, 136.810
1697.562, 461.959, 92.480
532.980, 436.492, 67.000
934.733, 463.987, 192.295
1034.731, 748.080, 42.257
441.058, 757.501, 145.590
1544.737, 188.519, 22.699
42.030, 731.037, 138.515
1764.593, 939.255, 47.687
35.637, 370.208, 210.294
1151.262, 771.319, 148.790
250.851, 841.276, 190.302
725.385, 699.543, 90.856
645.391, 14.893, 166.479
1930.099, 206.107, 116.470
1086.684, 857.609, 27.168
1046.488, 413.743, 153.002
1520.742, 132.204, 49.182
398.104, 893.366, 175.296
1137.687, 494.542, 201.889
1792.879, 489.350, 103.514
1696.160, 477.812, 203.342
837.417, 848.772, 234.998
1274.487, 399.622, 56.096
1326.607, 403.111, 68.121
583.232, 713.319, 183.305
1637.462, 72.542, 57.522
49.032, 107.447, 147.368
1119.037, 485.143, 122.656
1840.749, 281.876, 174.851
890.023, 461.301, 239.235
970.074, 896.711, 64.793
1843.326, 603.811, 70.539
383.966, 716.294, 255.000
1185.585, 986.669, 126.029
327.796, 272.437, 114.535
1718.607, 74.644, 50.372
892.270, 506.550, 240.220
799.977, 306.658, 31.215
326.218, 721.721, 76.033
805.302, 91.544, 121.718
396.173, 840.499, 146.933
1642.896, 961.461, 33.297
145.359, 754.215, 44.638
813.313, 910.055, 128.303
754.888, 6.916, 178.865
1732.632, 374.475, 179.406
1342.177, 748.892, 127.253
977.989, 228.251, 171.011
232.628, 254.124, 165.954
1733.408, 540.402, 70.073
1412.987, 65.342, 79.919
199.856, 527.548, 135.567
1689.777, 56.700, 197.980
351.525, 343.559, 100.080
400.632, 465.743, 28.728
597.403, 7.023, 123.416
361.852, 271.339, 118.981
286.411, 907.251, 144.330
909.028, 414.315, 171.865
978.082, 448.430, 17.685
970.487, 199.265, 102.073
1072.611, 402.534, 40.466
1122.561, 1038.151, 126.913
1358.912, 614.173, 84.455
1853.521, 536.475, 134.079
1276.482, 709.725, 81.711
1165.069, 880.332, 55.420
617.821, 872.900, 65.448
844.496, 277.393, 119.556
1743.474, 1030.691, 80.045
130.103, 138.076, 24.352
478.027, 855.722, 159.299
1369.082, 386.871, 186.822
1800.213, 498.906, 124.355
457.518, 966.958, 172.208
669.093, 689.796, 56.482
1132.793, 886.573, 242.517
1253.302, 93.016, 208.960
1294.292, 410.169, 93.716
1214.539, 415.888, 156.401
1755.728, 591.894, 47.209
1682.591, 505.532, 40.667
1607.487, 556.081, 102.327
644.228, 1052.007, 210.966
69.767, 231.393, 211.091
374.857, 65.934, 134.452
89.711, 943.753, 140.281
1632.368, 989.047, 52.977
1155.502, 79.827, 91.175
1893.168, 609.785, 39.240
1453.525, 567.118, 71.508
919.637, 226.735, 42.868
935.433, 131.637, 168.789
1366.684, 18.209, 166.143
91.979, 347.067, 55.087
1262.365, 552.847, 137.127
1035.953, 761.888, 143.643
1552.044, 394.787, 96.413
1413.201, 297.250, 218.552
1597.670, 314.627, 141.612
482.666, 63.739, 227.193
1194.835, 423.440, 91.738
533.295, 255.226, 125.630
99.476, 364.667, 172.749
1733.279, 233.004, 189.409
1281.556, 480.281, 151.235
353.622, 252.615, 173.939
1141.938, 456.193, 153.081
1196.099, 1064.267, 211.785
971.017, 708.508, 29.681
1194.525, 854.970, 224.436
1656.384, 338.817, 55.179
471.446, 204.292, 79.054
851.518, 638.039, 54.118
1709.288, 221.709, 52.723
887.973, 914.040, 226.406
1538.387, 164.401, 147.308
1448.311, 770.644, 162.796
1700.984, 221.141, 143.858
975.406, 1009.625, 35.241
1352.845, 753.422, 198.001
1589.071, 702.610, 41.085
1787.557, 68.184, 215.527
1587.730, 565.611, 195.951
153.668, 208.387, 116.115
1642.099, 471.392, 220.080
1033.377, 170.516, 25.177
105.689, 493.775, 223.131
464.847, 333.393, 78.439
944.352, 0.615, 92.116
995.729, 660.140, 184.743
108.570, 790.896, 204.483
429.783, 900.694, 67.301
508.917, 152.763, 59.908
183.885, -2.644, 61.052
206.577, 382.024, 28.227
602.714, 83.978, 178.843
522.687, 325.807, 145.958
609.897, 387.595, 119.487
1586.224, 681.555, 197.614
1745.177, 36.393, 53.137
1438.680, 193.050, 50.962
1051.145, 69.002, 19.114
383.008, 481.066, 32.693
74.091, 995.415, 137.077
1675.614, 623.567, 233.181
607.169, 971.360, 189.945
1930.629, 717.178, 72.814
208.951, 438.498, 63.695
849.932, 540.460, 195.924
496.242, 666.613, 120.702
135.539, 381.426, 204.707
1182.165, 23.946, 125.660
1766.992, 579.984, 208.924
1719.666, 841.444, 225.052
1226.564, 101.568, 205.651
1454.612, 145.103, 39.230
129.913, 1052.044, 113.250
802.358, 228.007, 99.317
1847.451, 945.520, 25.732
91.709, 650.776, 77.981
497.261, 173.993, 126.751
25.860, 945.737, 206.153
183.706, 307.629, 78.281
969.584, 193.560, 111.011
759.830, 285.070, 237.990
1845.264, 665.155, 171.810
1734.239, 46.355, 229.799
1128.143, 847.067, 217.351
65.048, 475.745, 244.783
737.913, 956.445, 139.879
1685.701, 839.984, 145.913
933.685, 138.752, 241.349
1264.691, 54.877, 103.375
441.148, 906.515, 230.688
737.434, 717.927, 159.649
1587.571, 854.901, 213.107
268.829, 215.432, 24.264
950.290, 585.373, 136.988
923.463, 870.255, 125.934
1604.765, 331.947, 128.354
414.638, 683.123, 114.429
55.076, 476.257, 176.502
463.136, 171.953, 134.926
1465.061, 49.250, 248.496
235.990, 278.717, 210.819
1739.462, 836.991, 223.314
1568.889, 74.303, 219.737
1404.022, 277.020, 204.470
226.415, 903.148, 132.960
650.350, 346.729, 186.862
1435.991, 975.046, 178.288
1505.028, 1022.842, 83.439
1071.022, 1048.938, 36.613
769.117, -3.509, 173.902
111.751, 692.590, 109.574
1177.655, 693.886, 157.144
222.255, 622.630, 34.594
510.667, 651.859, 235.242
1215.396, 981.235, 27.610
1637.025, 29.068, 172.183
1572.931, 967.831, 31.252
387.662, 80.504, 167.891
1079.196, 943.644, 194.542
1234.263, 475.260, 213.402
1531.198, 164.274, 118.823
1653.122, 49.334, 45.638
1881.126, 31.518, 66.630
969.693, 1011.874, 210.930
369.506, 719.785, 157.576
1547.372, 324.079, 22.530
797.753, 857.259, 235.983
1690.483, 582.949, 134.005
335.836, 219.029, 231.020
1415.595, 3.828, 95.582
320.785, 1058.474, 166.412
1903.549, 605.640, 198.064
572.978, 257.420, 77.353
585.814, 691.838, 113.561
833.606, 899.326, 107.925
572.845, 452.854, 35.281
1783.370, 438.422, 115.448
352.270, 250.774, 108.091
1865.695, 200.868, 112.951
420.901, 684.718, 214.490
91.816, 359.352, 162.794
990.824, 143.391, 138.325
1317.046, 705.674, 197.872
485.473, 864.978, 233.317
723.000, 380.953, 88.070
674.719, 329.614, 197.245
189.793, 495.000, 239.819
386.480, 505.555, 228.092
919.412, 677.333, 141.240
1713.199, 605.301, 115.380
401.488, 84.674, 67.096
1760.269, 904.378, 48.888
568.404, 22.383, 41.904
1052.875, 954.263, 132.220
550.308, 190.611, 131.904
388.299, 789.454, 126.473
1844.580, 539.617, 104.109
1284.815, 515.477, 224.396
706.685, 307.724, 238.910
751.990, 441.743, 215.367
1271.504, 3.780, 104.033
1898.449, 768.262, 81.325
578.339, 847.453, 197.108
1471.475, 359.160, 213.099
1107.274, 939.297, 50.614
1394.805, 858.223, 152.571
21.491, 608.036, 143.595
757.375, 454.772, 158.138
1838.693, 495.812, 249.822
1687.449, 193.892, 226.416
1673.378, 530.158, 101.075
1383.393, 252.452, 147.246
1874.884, 786.631, 131.506
1192.137, 558.746, 231.388
1339.740, 224.030, 117.101
112.380, 948.831, 36.912
683.331, 311.650, 84.551
661.661, 955.719, 65.628
1701.452, 1055.750, 134.131
1184.162, 213.656, 82.185
1752.452, 260.919, 131.983
384.485, 16.583, 216.871
874.997, 579.369, 179.276
646.460, 474.318, 225.073
274.661, 949.311, 91.351
1138.826, 923.880, 16.744
1451.443, 655.546, 188.763
676.313, 251.666, 160.290
0.472, 800.554, 170.401
1038.238, 485.203, 95.409
1112.983, 381.155, 80.211
325.365, 762.023, 223.720
925.967, 117.689, 121.598
661.288, 396.503, 145.230
1184.704, 1022.359, 40.769
409.481, 169.465, 107.682
1435.397, 921.366, 172.787
325.540, 646.387, 134.409
1299.559, 810.240, 196.800
1477.614, 266.073, 174.498
1900.396, 289.429, 88.693
1637.570, 494.054, 163.009
122.873, 142.189, 108.535
479.623, 931.703, 31.749
1609.458, 273.871, 69.257
1453.736, 39.959, 97.255
174.854, 930.635, 8.072
1029.764, 815.026, 66.628
1716.567, 1.385, 189.372
1347.500, 813.057, 179.103
1056.104, 141.594, 116.355
918.981, 813.840, 196.293
564.296, 575.327, 122.278
395.684, 666.362, 240.107
480.830, 774.404, 39.786
268.531, 471.134, 140.718
696.795, 485.219, 172.161
554.795, 745.124, 42.901
457.876, 637.560, 143.793
1051.031, 36.171, 234.396
580.915, 219.188, 242.621
1908.999, 498.456, 178.932
1054.522, 703.219, 168.792
1296.360, 615.542, 66.584
1099.124, 745.084, 105.915
42.483, 744.424, 145.576
632.102, 414.329, 187.972
580.681, 333.080, 132.366
1325.057, 49.736, 196.768
1414.523, 950.819, 121.636
608.286, 416.499, 220.757
1179.544, 900.763, 67.930
1299.676, 49.349, 141.188
563.402, 483.935, 125.247
1155.940, 845.993, 70.583
1826.170, 588.845, 105.375
1206.738, 258.746, 236.096
595.098, 225.177, 85.289
126.188, 1071.087, 68.647
1781.428, 1020.001, 80.454
309.365, 78.328, 91.657
1497.551, 365.257, 142.944
1366.744, 402.244, 163.848
530.405, 683.587, 193.098
1911.972, 1069.531, 15.413
697.595, 600.661, 73.180
604.428, 1008.135, 91.126
1169.092, 357.567, 176.749
1496.369, 736.192, 252.058
1177.498, 949.177, 250.695
1344.269, 597.704, 187.652
1710.085, 408.205, 78.771
863.173, 564.974, 248.354
142.788, 718.341, 148.997
1861.357, 140.192, 39.804
140.566, 834.661, 142.596
1646.685, 606.492, 105.721
1235.038, 84.887, 36.145
1096.463, 759.403, 84.324
960.818, 380.086, 52.824
992.846, 931.722, 170.840
1388.831, 654.894, 183.435
1617.467, 586.016, 114.225
1678.830, 300.722, 239.879
252.759, 333.152, 39.390
546.924, 849.295, 222.959
1006.273, 867.831, 29.186
298.569, 418.398, 155.604
660.292, 508.720, 30.440
1781.252, 353.583, 158.010
659.587, 383.184, 219.519
188.075, 787.152, 36.075
631.556, 29.138, 151.722
1639.906, 496.306, 78.303
868.077, 175.106, 61.584
467.854, 579.076, 143.135
774.495, 513.715, 116.405
1521.666, 758.329, 163.984
776.297, 592.041, 244.997
467.933, 432.889, 37.510
153.785, 635.459, 68.854
1409.809, 859.396, 26.190
863.612, 352.189, 31.319
526.041, 425.466, 194.287
1818.296, 325.323, 96.012
590.169, 737.350, 73.730
1433.966, 694.057, 57.792
825.008, 314.736, 238.150
647.101, 259.234, 219.806
831.222, 869.104, 198.896
755.302, 817.803, 141.470
1059.287, 107.471, 32.438
872.752, 658.188, 234.208
1274.314, 399.329, 145.428
978.379, 316.693, 151.006
1577.752, 433.681, 137.019
973.937, 950.837, 77.802
1788.176, 154.588, 78.692
70.913, 320.003, 57.780
317.469, 1018.576, 29.676
937.671, 236.423, 80.486
815.150, 884.376, 184.054
1389.839, 302.122, 205.510
509.898, 79.009, 76.108
724.343, 317.126, 149.370
897.767, 36.774, 212.284
1007.018, 700.016, 37.810
489.783, 438.627, 203.574
1101.110, 305.874, 184.727
1037.355, 365.564, 84.783
553.155, 815.164, 110.647
725.591, 781.917, 124.745
831.734, 362.697, 194.640
768.647, 479.255, 123.751
1457.430, 913.218, 102.049
25.825, 172.850, 130.807
1272.304, 625.428, 177.069
1269.430, 629.168, 81.375
806.343, 610.044, 198.482
469.137, 498.487, 211.704
901.163, 691.007, 155.388
726.480, 682.948, 132.534
603.495, 381.204, 164.799
1784.463, 298.050, 29.423
349.283, 347.508, 226.680
1763.815, 288.636, 180.103
1701.053, 801.071, 81.086
1136.184, 601.230, 188.893
341.641, 240.179, 195.158
1650.132, 661.905, 27.083
1328.682, 613.931, 74.501
516.748, 698.423, 132.529
495.625, 403.547, 145.271
505.766, 847.834, 96.612
861.133, 1035.497, 217.989
442.592, 514.880, 131.314
1860.604, 154.914, 207.700
320.381, 726.142, 108.701
264.489, 590.479, 214.565
1548.314, 704.312, 162.094
1333.654, 101.738, 89.689
1049.755, 358.317, 80.839
669.401, 437.502, 39.134
542.086, 198.816, 59.285
1922.127, 0.315, 155.384
596.967, 417.540, 112.046
507.440, 759.042, 144.211
258.412, 185.160, 116.779
926.132, 1035.929, 178.309
1899.158, 256.670, 217.374
462.513, 702.014, 79.882
613.561, 39.937, 43.581
1913.857, 92.791, 232.539
382.548, 304.384, 128.966
439.494, 252.714, 136.075
267.984, 696.875, 37.414
46.525, 347.805, 144.166
1461.804, 666.630, 117.198
984.876, 472.651, 85.989
645.844, 618.063, 39.497
774.022, 416.954, 47.814
1339.547, 678.802, 231.502
1836.204, 564.978, 244.127
1120.882, 755.645, 37.912
1663.836, 160.238, 162.881
253.405, 363.173, 175.955
426.735, 42.481, 79.625
599.005, 550.677, 161.302
1522.339, 309.828, 191.254
1591.548, 693.457, 105.045
1071.044, 818.995, 130.910
780.782, 552.727, 21.064
1835.382, 493.985, 188.091
975.760, 60.341, 100.266
94.429, 569.590, 125.675
569.451, 646.542, 127.456
1760.154, 464.351, 139.373
950.945, 681.591, 223.822
558.729, 18.082, 74.727
1585.753, 997.561, 97.057
98.105, 570.020, 60.626
1236.894, 341.044, 143.209
1024.592, 71.455, 38.101
1002.663, 125.606, 70.808
974.546, 15.645, 249.794
1619.927, 911.273, 25.845
596.267, 718.681, 238.465
475.734, 356.960, 50.035
863.202, 617.164, 255.000
451.799, 340.392, 69.578
70.400, 738.700, 144.385
372.690, 258.521, 225.679
860.530, 86.065, 86.776
593.171, -1.987, 153.887
540.776, 1064.954, 161.880
1671.367, 216.372, 194.109
859.938, 46.985, 218.314
814.376, 400.698, 19.231
1159.118, 1065.975, 82.348
1689.607, 428.257, 134.200
1373.637, 344.740, 224.857
542.522, 354.362, 166.900
1346.033, 211.290, 211.219
655.545, 816.531, 113.682
331.193, 186.325, 137.487
311.440, 376.881, 203.181
969.759, 797.712, 136.943
473.120, 415.084, 244.366
1106.163, 706.815, 103.153
1243.335, 107.307, 77.492
1574.484, 277.685, 150.590
1102.370, 706.732, 41.722
784.233, 869.121, 37.380
982.651, 414.363, 25.887
1293.199, 752.573, 190.496
1095.471, 202.379, 98.213
787.194, 226.771, 101.092
959.365, 762.682, 54.209
1558.891, 453.454, 173.903
74.265, 951.133, 193.748
365.814, 762.164, 213.898
437.730, 126.725, 43.818
1666.854, 832.837, 143.245
1585.583, 1049.255, 70.261
1881.869, 412.124, 107.451
1752.398, 1021.258, 224.749
342.835, 541.324, 201.467
300.925, 377.909, 13.273
673.524, 318.269, 65.435
136.362, 962.759, 162.439
1581.028, 755.924, 108.044
1739.472, 10.918, 65.201
739.495, 134.768, 153.771
1447.002, 1004.355, 77.648
261.740, 357.418, 212.096
1578.786, 715.071, 53.386
103.052, 32.001, 164.458
1714.993, 706.711, 83.056
409.901, 89.941, 157.261
1699.318, 743.179, 160.718
1843.202, 293.701, 64.200
571.590, 480.775, 117.953
1524.413, 317.853, 142.348
1054.128, 378.334, 108.795
944.997, 297.988, 207.877
1635.083, 675.196, 149.712
26.030, 870.352, 59.247
640.412, 586.676, 143.911
1332.340, 1070.843, 116.153
233.418, 73.580, 40.993
1241.042, 925.581, 228.253
1092.033, 372.658, 143.183
1233.578, 301.359, 190.189
1746.328, 776.553, 236.495
1283.351, 303.431, 146.879
1192.139, 939.343, 220.633
100.519, 247.858, 119.416
1823.959, 229.145, 207.171
392.458, 87.405, 211.724
91.379, 799.600, 245.444
943.095, 1024.660, 187.690
310.658, 551.443, 145.003
615.839, 343.390, 185.416
1370.136, 799.066, 142.943
399.811, 1003.232, 172.956
971.064, 50.973, 66.470
720.819, 295.967, 33.292
1004.938, 22.312, 185.557
1242.963, 201.013, 222.675
295.570, 90.186, 169.182
137.888, 6.210, 201.662
1065.988, 198.009, 36.182
718.596, 388.395, 197.435
168.000, 612.760, 135.412
201.340, 276.230, 246.246
1103.083, 311.967, 174.236
224.769, 22.601, 194.798
1645.992, 205.917, 204.090
1911.347, 466.643, 139.556
1779.571, 587.860, 177.186
1331.895, 524.217, 13.400
65.241, 1073.720, 113.815
311.938, 959.928, 84.182
1321.133, 553.340, 82.480
1908.266, 923.350, 131.212
1529.595, 288.477, 135.557
758.586, 252.571, 205.745
1371.814, 411.901, 126.585
161.330, 489.616, 128.360
1535.806, 613.748, 50.896
628.174, 402.804, 220.245
157.736, 906.140, 204.303
107.950, 349.529, 156.831
1251.656, 784.666, 100.837
448.637, 762.153, 100.205
1280.879, 882.395, 149.841
1357.776, 195.720, 150.776
1012.857, 734.411, 57.833
1300.512, 475.708, 141.586
1568.755, 557.965, 139.428
1852.973, 34.849, 72.689
117.860, 385.358, 85.991
1672.480, 1069.233, 248.619
787.889, 175.476, 226.033
492.879, 251.109, 178.449
390.108, 1022.831, 214.032
288.683, 1064.934, 201.145
1618.062, 813.466, 125.556
1121.594, 275.436, 83.911
1743.368, 333.144, 197.332
1091.347, 327.521, 146.074
197.683, 367.380, 243.366
1889.206, 896.642, 221.661
869.614, 44.228, 65.044
653.214, 524.514, 230.739
1432.002, 1039.635, 166.459
1351.691, 439.237, 72.217
251.844, 931.967, 141.942
59.671, 97.279, 224.451
1766.063, 905.299, 54.148
870.350, 620.616, 108.695
829.526, 1045.199, 193.162
1392.086, 503.780, 211.915
629.446, 653.383, 45.732
784.237, 645.016, 206.514
1161.813, 367.801, 47.364
319.638, 135.895, 255.000
1424.537, 399.680, 121.778
1775.581, 990.375, 106.588
1820.537, 985.751, 28.584
1687.538, 697.178, 255.000
755.826, 1048.100, 243.818
214.568, 196.992, 59.076
970.863, 454.162, 180.054
1715.314, 276.997, 158.730
1593.432, 187.697, 119.720
1880.323, 84.725, 116.419
1508.969, 666.327, 56.542
1915.815, 406.817, 122.259
487.636, 635.645, 204.091
1455.512, 579.201, 135.515
232.611, 814.586, 139.975
436.696, 281.019, 203.359
1928.892, 399.386, 210.607
1385.810, 456.585, 232.585
959.862, 753.332, 249.439
391.430, 856.586, 206.233
666.686, 916.341, 157.407
16.016, 283.681, 165.651
1642.729, 948.802, 220.138
124.002, 271.443, 235.832
1171.593, 41.188, 96.369
44.299, 1035.067, 217.655
1860.935, 501.497, 36.306
1254.552, 883.623, 214.803
1260.313, 530.412, 215.274
923.330, 426.217, 190.710
1229.634, 981.069, 73.147
1713.952, 667.141, 88.474
141.531, 329.236, 199.658
432.678, 929.493, 193.919
444.921, 894.459, 120.112
1933.609, 15.082, 54.462
1659.082, 130.678, 93.625
1191.313, 381.120, 233.652
1258.199, 256.524, 180.620
1488.950, 210.085, 190.649
1837.173, 389.974, 12.792
1859.183, 338.731, 200.344
759.213, 580.994, 218.469
1498.765, 1029.713, 142.645
1876.250, 647.468, 121.338
636.234, 515.506, 47.146
1472.128, 350.078, 125.695
216.817, 651.227, 220.251
1257.444, 652.942, 86.676
1527.160, 881.575, 161.570
864.129, 1069.341, 43.655
1164.467, 332.486, 226.600
892.381, 188.934, 118.631
1465.198, 271.560, 77.121
1863.389, 946.947, 95.330
325.024, 428.261, 37.283
1288.778, 394.101, 77.706
1033.037, 1003.237, 108.259
330.703, 386.802, 213.831
645.997, 276.539, 214.384
253.484, 617.865, 142.196
1568.641, -3.486, 72.442
179.431, 439.711, 12.978
20.975, 877.129, 213.867
719.913, 842.797, 11.572
150.766, 130.686, 55.150
1784.015, 117.158, 220.386
380.503, 645.879, 199.573
1587.622, 215.517, 86.307
1201.023, 569.639, 203.107
736.976, 962.767, 34.624
1123.144, 585.536, 134.437
703.023, 978.516, 19.071
709.999, 439.250, 76.990
1274.192, 202.839, 121.227
301.178, 327.267, 165.132
982.496, 402.377, 221.811
1728.365, 1008.376, 163.653
912.036, 102.618, 191.490
804.406, 602.488, 236.102
240.808, 802.789, 176.067
402.216, 236.674, 35.136
174.534, 168.943, 210.044
1432.888, 115.007, 31.430
1806.050, 1003.723, 184.841
1424.152, 728.659, 73.092
347.411, 592.960, 59.885
1284.876, 656.323, 70.193
1395.737, 950.065, 208.313
1723.329, 728.510, 163.569
589.384, 897.625, 132.682
1169.348, 68.440, 59.581
390.408, 68.840, 197.593
1485.980, 98.865, 31.569
993.185, 816.995, 25.462
754.742, 253.128, 169.131
1269.329, 456.952, 71.102
1798.388, 16.252, 200.959
1125.033, 600.040, 21.405
775.286, 530.740, 47.215
1406.959, 136.488, 42.721
908.269, 959.009, 227.869
398.921, 170.858, 240.995
1104.512, 610.999, 63.569
1625.948, 225.803, 24.555
539.686, 199.971, 40.517
1800.777, 926.410, 144.437
1114.252, 584.734, 224.957
894.651, 1071.437, 218.638
1301.998, 38.934, 222.007
1123.903, 838.221, 126.706
144.813, 282.404, 244.157
841.819, 884.981, 212.078
860.387, 707.114, 110.365
1815.850, 591.754, 238.729
1100.694, 953.702, 32.277
130.423, 532.461, 154.813
1785.229, 326.329, 42.076
703.044, 767.546, 200.951
1696.400, 1006.869, 236.591
1642.237, 676.655, 21.146
1049.506, 971.151, 96.059
193.659, 988.012, 71.205
1682.797, 57.396, 202.579
1100.531, 705.639, 117.696
1629.862, 214.155, 227.466
1766.856, 259.376, 78.299
1117.378, 1047.387, 162.516
1465.899, 683.801, 213.204
815.453, 6.533, 143.143
1450.757, 247.452, 193.014
1638.322, 134.539, 144.708
1304.465, 685.188, 182.600
1518.534, 568.816, 236.662
1756.027, 91.727, 118.549
1840.251, 1022.219, 187.812
1177.840, 490.731, 151.663
768.850, 332.787, 233.716
729.016, 178.217, 186.192
1714.419, 16.647, 86.302
117.481, 293.449, 77.111
1622.670, 702.312, 237.369
1407.096, 300.385, 92.958
141.413, -1.563, 91.009
401.610, 1060.116, 100.060
434.907, 268.658, 97.068
1422.620, 1002.661, 109.810
614.837, 66.473, 215.046
394.412, 1032.561, 255.000
767.505, 795.023, 27.369
584.322, 512.696, 238.020
1359.098, 655.670, 213.471
1534.578, 630.163, 25.748
822.197, 27.724, 39.701
770.770, 64.107, 46.027
567.131, 701.466, 232.875
736.107, 292.524, 170.287
750.632, 179.125, 107.823
1866.620, 1046.244, 238.450
1272.930, 772.297, 197.926
731.907, 865.963, 91.105
637.043, 427.459, 23.889
437.568, 616.670, 120.553
1449.788, 644.014, 237.726
1371.652, 89.155, 243.716
941.818, 65.703, 85.332
310.029, 233.683, 197.468
1029.587, 721.292, 33.079
835.617, 1020.540, 210.105
1474.842, 182.453, 222.434
1071.785, 822.681, 201.330
1900.295, 928.937, 19.208
949.221, 555.761, 111.672
114.577, 296.047, 31.845
1170.871, 725.331, 209.953
673.172, 978.723, 152.819
670.888, 283.777, 61.817
1745.375, 970.781, 236.251
1612.779, 183.182, 253.061
659.249, 367.578, 160.755
1911.646, 969.212, 98.513
107.325, 168.566, 210.669
1821.206, 786.496, 92.509
416.449, 39.309, 95.685
70.822, 856.836, 85.891
58.285, 791.412, 60.870
231.210, 257.085, 85.872
1554.554, 92.948, 72.899
28.063, 689.461, 131.756
499.978, 369.447, 71.845
1810.301, 877.488, 54.784
1893.894, 592.941, 236.264
230.539, 58.845, 124.267
896.651, 98.992, 116.397
884.240, 545.133, 49.109
276.993, 733.746, 248.548
1582.993, 226.959, 159.118
1874.619, 228.874, 205.180
77.346, 397.219, 83.968
710.001, 358.994, 173.134
564.866, 353.675, 161.315
1250.356, 557.172, 205.030
1895.596, 515.872, 188.888
348.051, 149.652, 89.964
84.332, 417.827, 206.508
402.285, 52.371, 49.725
249.544, 246.369, 46.963
958.910, 102.184, 224.474
33.802, 75.506, 115.319
814.903, 885.094, 129.339
1592.912, 632.342, 129.587
926.170, 705.653, 86.783
1581.536, 399.385, 190.014
1080.191, 852.720, 133.098
959.812, 664.002, 226.564
1099.657, 628.556, 175.779
1271.735, 881.943, 226.799
520.196, 619.947, 118.213
1918.562, 26.772, 87.128
1622.370, 1012.986, 46.566
169.260, 333.444, 36.313
356.123, 863.783, 184.202
1839.622, 137.345, 150.401
1471.703, 850.405, 246.817
757.716, 477.150, 203.145
1077.468, 68.074, 81.767
614.772, 254.342, 165.698
1754.701, 321.194, 210.045
912.017, 672.220, 89.249
612.238, 1047.441, 185.756
1924.644, 658.423, 251.458
384.741, 459.618, 45.933
986.018, 989.175, 203.140
54.610, 997.365, 137.533
965.654, 660.952, 148.733
1906.907, 1067.100, 247.402
1021.846, 856.343, 174.632
62.502, 1014.388, 38.510
727.081, 709.167, 191.016
1907.342, 704.207, 42.054
1400.743, 621.325, 87.543
462.912, 81.365, 192.071
928.028, 225.900, 125.697
748.767, 250.176, 59.195
1667.944, 685.127, 240.824
994.260, 800.614, 89.594
1791.093, 428.038, 109.154
681.044, 0.577, 142.083
1490.980, 35.764, 95.502
507.334, 663.350, 57.299
305.113, 67.020, 138.380
1280.663, 487.650, 224.810
556.412, 769.052, 103.262
1211.799, 344.062, 61.166
1667.098, 1008.768, 126.564
1363.425, 497.295, 178.713
1052.461, 65.040, 221.004
1585.934, 1065.563, 224.911
1562.880, 218.742, 220.904
466.634, 656.676, 113.439
1849.479, 937.751, 14.473
797.708, 94.075, 125.485
1826.265, 1039.505, 124.148
1119.854, 905.058, 216.453
1908.247, 58.777, 114.196
791.256, 122.213, 67.720
1306.876, 976.011, 147.835
1915.585, 68.987, 77.857
1582.634, 610.853, 172.663
865.671, 1004.998, 255.000
1612.975, 455.509, 188.273
70.402, 13.606, 229.646
477.562, 493.963, 42.079
602.105, 345.986, 104.137
1563.464, 881.159, 115.623
1826.138, 37.194, 47.560
667.385, 65.736, 226.762
1023.140, 960.101, 113.609
560.846, 81.235, 221.584
856.462, 7.256, 164.979
1764.309, 425.274, 114.930
881.488, 331.183, 80.863
1388.832, 302.802, 81.707
538.205, 541.196, 188.691
337.526, 989.887, 226.514
1859.561, 568.858, 99.566
1823.453, 785.254, 133.228
769.279, 1068.444, 169.540
106.873, 478.988, 255.000
612.846, 908.821, 45.145
1874.162, 825.846, 121.936
1601.708, 1007.726, 134.597
57.522, 990.041, 227.109
493.219, 104.253, 160.360
1905.211, 646.340, 123.847
1308.619, 335.774, 200.084
128.591, 45.049, 139.501
1702.542, 161.251, 187.297
407.763, 184.138, 188.829
766.337, 454.928, 66.480
168.042, 863.013, 134.194
1723.937, 996.953, 221.530
675.561, 524.528, 138.202
45.572, 580.631, 80.460
1553.646, 205.697, 210.445
324.061, 1052.377, 49.423
1404.775, 760.853, 56.520
1041.055, 7.957, 66.184
1557.809, 539.879, 196.328
1567.154, 881.527, 121.142
550.913, 674.702, 61.064
755.578, 212.707, 64.443
1442.819, 791.386, 219.859
592.194, 522.276, 145.958
443.694, 581.477, 238.178
539.463, 913.016, 93.078
1708.267, 364.182, 33.980
1116.086, 954.182, 130.388
1330.436, 761.304, 172.690
1283.226, 521.908, 35.740
1207.551, 725.985, 145.896
701.787, 766.444, 95.961
1085.205, 260.894, 202.359
253.699, 827.909, 193.874
1520.141, 62.671, 91.091
762.375, 136.803, 104.608
1925.807, 40.820, 103.484
1334.980, 824.061, 127.287
1710.152, 942.409, 53.533
128.976, 446.637, 85.038
1202.382, 375.865, 161.852
622.371, 602.783, 140.384
919.257, 1045.701, 56.140
1726.617, 38.986, 120.258
777.559, 337.619, 34.528
1837.882, -7.689, 180.282
104.776, 381.367, 218.899
510.818, 1050.600, 213.403
1184.368, 873.704, 235.867
1137.313, 3.177, 99.518
486.483, 872.766, 217.614
1269.470, 973.059, 88.443
1056.776, 954.131, 73.262
1462.199, 607.152, 78.274
724.416, 470.833, 142.515
956.370, 1060.897, 109.266
192.018, 880.063, 148.702
1853.392, 516.477, 160.806
558.084, 544.546, 125.601
1867.816, 796.193, 76.163
424.096, 401.569, 183.105
1864.087, 386.658, 102.008
845.063, 786.479, 174.345
512.431, 554.299, 249.290
1026.629, 141.825, 62.435
993.479, 1043.293, 115.430
145.789, 1066.565, 231.612
780.186, 609.364, 68.202
815.671, 400.442, 136.511
155.787, 248.372, 80.956
850.335, 525.251, 171.768
189.459, 180.012, 86.082
1765.704, 115.021, 187.220
713.006, 909.412, 135.886
1326.691, 393.470, 163.881
684.406, 549.053, 128.014
1262.047, 1002.872, 117.561
357.456, 1045.222, 133.741
1369.297, 295.962, 219.754
1225.247, 758.835, 248.982
1517.171, 1028.158, 133.559
805.533, 1025.104, 145.561
1451.767, 1032.990, 100.055
1127.948, 925.583, 205.763
543.462, 654.011, 128.124
419.640, 24.696, 175.649
776.480, 697.734, 167.261
437.180, 693.952, 197.934
1925.316, 26.507, 12.359
1877.434, 652.909, 175.844
1244.877, 497.047, 30.440
75.778, 829.002, 219.468
1883.103, 267.337, 164.610
1154.746, 908.999, 163.626
402.599, 122.831, 22.784
668.534, 661.507, 107.163
1662.696, 684.845, 83.461
655.504, 1045.719, 205.771
1229.144, 183.825, 103.135
1931.397, 805.835, 136.109
1480.336, 20.574, 251.787
1364.094, 450.006, 37.580
91.244, 206.223, 109.401
928.053, 673.566, 156.853
447.175, 821.190, 55.907
1566.008, 642.945, 132.642
636.991, 871.020, 29.734
556.543, 224.518, 161.223
799.993, 1036.787, 61.291
750.645, 724.266, 44.899
1012.780, 1053.160, 207.132
1389.484, 120.432, 132.767
1910.911, 29.935, 169.153
1681.558, 641.397, 71.720
877.254, 49.720, 19.824
1474.757, 575.265, 190.980
1838.018, 649.754, 170.112
1317.775, 628.114, 57.636
946.225, 605.700, 94.280
1046.947, 958.702, 35.283
956.983, 917.419, 207.581
842.540, 1054.205, 54.044
1457.126, 525.631, 170.710
1696.257, 391.575, 173.216
1440.728, 1.742, 251.742
1778.684, 241.033, 175.030
1034.041, 466.141, 122.846
1444.014, 749.033, 98.230
1000.559, 894.027, 60.600
589.546, 933.128, 193.238
1361.899, 439.781, 181.092
946.878, 234.944, 41.733
1488.446, 667.148, 104.946
145.651, 967.561, 142.650
458.830, 606.865, 67.151
1860.199, 165.587, 195.701
333.136, 905.525, 136.618
1476.152, 696.609, 179.234
1549.869, 683.825, 189.843
268.621, 239.341, 208.230
203.563, 984.288, 201.257
465.157, 457.856, 67.002
776.911, 837.206, 42.762
408.266, 65.117, 253.665
672.971, 796.501, 51.070
1858.635, 1051.693, 53.041
651.335, 322.604, 191.789
1020.084, 768.007, 232.743
1245.853, 70.893, 27.788
1861.276, 1029.162, 186.718
1781.112, 912.696, 127.481
101.197, 653.987, 198.774
1101.282, 724.663, 216.137
962.699, 223.623, 255.000
410.131, 554.377, 117.309
1657.505, 348.719, 223.335
1549.946, 578.997, 109.849
1811.094, 293.899, 222.478
1426.234, 413.453, 222.238
67.926, 231.022, 141.439
575.755, 97.085, 232.338
1392.426, 828.336, 119.668
300.559, 292.398, 178.142
183.664, 234.035, 155.857
1406.237, 316.832, 70.474
1488.114, 587.481, 157.302
1010.211, 13.415, 146.586
899.860, 979.365, 185.840
170.879, 216.881, 60.778
1883.448, 604.595, 165.510
773.535, 138.767, 228.897
906.283, 569.440, 125.778
1641.622, 636.754, 208.931
1678.915, 26.675, 76.561
511.257, 711.047, 184.923
781.174, 161.985, 210.546
806.883, 946.469, 233.494
884.114, 907.231, 117.792
1338.586, 554.193, 43.885
1382.985, 1046.328, 198.919
506.153, 824.014, 168.995
1455.702, 1038.187, 136.491
1831.470, 672.164, 47.509
736.552, 868.113, 162.184
1368.482, 412.675, 203.112
207.865, 60.167, 141.550
1026.180, 910.390, 36.119
1713.909, 1068.629, 6.816
680.216, 1047.891, 223.844
1841.599, 554.597, 211.708
557.727, 132.829, 45.207
859.745, 515.144, 74.983
791.055, 580.957, 133.926
1310.215, 513.908, 188.516
810.929, 361.620, 223.387
52.488, 83.646, 158.918
717.512, 602.521, 180.855
1041.159, 656.602, 240.562
1314.028, 904.454, 105.354
450.009, 257.420, 248.296
1904.086, 855.170, 224.394
957.077, 135.336, 51.515
269.322, 254.109, 127.182
1064.381, 262.785, 220.156
804.428, 192.988, 44.085
1838.783, 424.347, 138.906
215.697, 117.565, 44.709
1642.112, 151.716, 234.867
1131.521, 88.782, 54.607
1842.006, 982.021, 151.684
274.873, 903.002, 177.531
386.803, 1044.102, 41.677
715.530, 434.215, 118.884
1252.028, 403.460, 27.559
1372.265, 91.092, 97.557
51.073, 969.764, 197.503
996.876, 68.461, 75.756
1788.935, 446.299, 102.391
31.859, 651.445, 68.415
396.756, 834.769, 83.607
1724.645, 442.790, 204.332
1655.945, 265.868, 78.508
564.239, 103.959, 43.763
1106.296, 527.240, 247.039
573.487, 442.460, 86.263
1690.084, 62.505, 174.597
1424.199, 48.332, 75.980
1433.522, 419.772, 114.115
876.127, 931.328, 118.354
732.014, 408.372, 172.892
1774.933, 239.182, 155.954
771.947, 375.977, 197.327
1372.548, 620.624, 154.379
1112.474, 309.494, 69.095
1020.086, 379.750, 62.302
1507.642, 1048.076, 125.076
1500.707, 795.181, 202.382
750.870, 69.733, 169.669
1708.512, 270.148, 247.154
1334.638, 985.869, 127.992
343.598, 472.043, 130.972
663.891, 716.198, 201.730
1421.092, 488.022, 64.932
1214.831, 1034.265, 235.943
989.789, 297.674, 25.849
469.905, 923.687, 64.553
1044.383, 922.508, 178.519
842.856, 754.406, 172.595
1571.430, 747.912, 64.527
163.265, 76.120, 193.727
586.956, 408.714, 184.677
38.340, 219.987, 134.654
1102.205, 673.341, 44.066
84.840, 428.630, 134.965
755.849, 841.753, 193.069
1228.858, 927.644, 42.150
1421.964, 572.416, 102.966
1896.668, 586.945, 139.013
169.576, 603.482, 61.197
1096.445, 535.592, 37.934
1597.768, 263.198, 95.193
171.565, 157.286, 236.402
809.446, 33.693, 60.049
1293.044, 234.793, 206.145
382.018, 117.569, 95.314
1367.924, 639.627, 61.045
366.517, 569.389, 20.891
1546.828, 492.451, 50.728
1372.709, 672.179, 204.822
1823.350, 714.759, 123.951
918.367, 904.919, 63.245
441.774, 570.175, 136.693
657.306, 898.182, 54.378
1326.773, 509.940, 244.438
126.544, 663.459, 69.899
942.722, 1017.898, 85.695
1902.560, 628.732, 22.016
1124.149, 52.527, 55.746
1104.212, 680.042, 38.451
1340.299, 705.220, 150.604
1691.215, 524.423, 157.808
823.562, 274.065, 153.281
1915.250, 433.390, 29.607
729.555, 665.327, 74.104
421.269, 774.059, 8.499
803.995, 871.538, 176.937
163.262, 775.982, 107.818
402.066, 947.711, 224.467
1589.370, 231.007, 90.670
1786.161, 375.193, 183.632
440.586, 892.447, 176.327
42.698, 446.921, 131.956
1296.694, 115.811, 110.753
503.137, 15.056, 109.423
146.616, 457.815, 216.544
660.313, 817.387, 49.470
148.685, 547.689, 223.741
1347.414, 65.540, 175.752
741.360, 1027.035, 107.013
851.732, 816.379, 82.277
1042.436, 513.655, 94.974
230.998, 204.742, 146.328
1425.179, 357.520, 176.401
1458.681, 466.396, 91.936
390.505, 968.501, 24.509
1253.245, 1051.169, 200.037
165.203, 973.475, 205.102
1128.938, 130.540, 213.307
90.284, 88.233, 217.800
944.641, 880.280, 92.532
928.840, 828.413, 35.161
1603.041, 633.277, 131.092
769.643, 472.943, 30.452
912.314, 153.026, 165.661
67.104, 893.826, 188.133
99.183, 86.895, 161.186
143.972, 436.759, 231.184
630.124, 574.971, 228.327
621.502, 611.576, 160.855
1629.675, 703.260, 48.427
534.680, 734.199, 100.060
1370.444, 800.627, 208.520
1508.569, 1049.155, 92.578
931.865, 185.481, 92.799
1910.321, 615.700, 143.150
1231.847, 456.846, 238.476
1448.476, 107.252, 134.023
885.131, 353.060, 183.201
1356.504, 91.774, 222.681
903.650, 141.176, 181.036
773.699, 23.771, 139.636
1427.278, 331.916, 189.927
459.106, 57.032, 103.820
1688.891, 153.570, 164.450
432.166, 667.044, 137.900
368.190, 426.727, 114.843
1346.781, 1042.966, 161.284
1742.163, 706.992, 163.403
1064.880, 610.317, 105.686
825.503, 473.836, 27.427
363.058, 171.484, 72.771
148.016, 9.348, 92.393
1335.913, 964.913, 54.969
864.559, 472.489, 127.760
1133.878, 737.694, 184.227
388.700, 25.407, 152.920
704.082, 587.671, 206.869
555.909, 452.471, 249.439
1617.846, 61.711, 122.031
1570.658, 106.608, 13.291
662.058, 898.154, 81.738
848.808, 402.092, 86.143
1623.554, 288.199, 186.767
550.407, 303.279, 198.751
1539.696, 711.028, 196.488
1623.466, 217.623, 144.937
1393.992, 251.544, 60.508
1186.886, 92.208, 221.305
853.557, 1027.814, 124.297
949.279, 788.866, 255.000
460.054, 962.237, 82.471
836.178, 786.621, 199.953
1204.610, 1048.526, 134.216
392.101, 774.188, 209.144
1760.758, 14.303, 129.475
1277.327, 953.272, 190.526
679.592, 558.995, 150.026
518.832, 301.480, 240.921
698.343, 866.865, 146.781
1451.507, 99.573, 72.235
1255.701, 674.704, 204.387
1287.695, 375.985, 40.898
1042.165, 318.128, 55.255
464.302, 683.343, 124.987
599.234, 68.914, 56.888
641.337, 294.925, 201.586
1734.812, 603.158, 223.056
1506.656, 318.728, 147.580
1718.274, 672.900, 88.294
832.826, 288.364, 10.674
1605.257, 650.333, 138.957
595.526, 171.243, 41.385
554.193, 465.200, 172.089
1671.790, 713.008, 41.317
697.280, 623.541, 121.687
1680.372, 475.422, 201.174
1600.358, 354.376, 151.156
764.984, 849.037, 214.435
1555.865, 881.231, 247.459
416.417, 111.744, 64.538
683.082, 567.187, 208.105
1915.165, 230.782, 25.859
1002.409, 539.514, 39.556
1699.105, 53.452, 237.168
790.059, 328.204, 66.580
357.051, 586.103, 207.275
169.587, 826.266, 219.157
552.930, 993.118, 34.733
996.512, 638.445, 175.954
717.965, 413.446, 130.030
278.207, 465.989, 145.075
37.915, 270.678, 235.821
1935.008, 329.044, 78.937
1296.225, 334.537, 209.971
114.791, 373.644, 58.959
1048.867, 190.477, 244.573
750.238, 1063.910, 116.656
1201.836, 284.816, 165.366
1349.124, 1032.522, 62.060
975.956, 855.982, 92.437
738.967, 636.192, 239.552
431.572, 514.793, 58.641
1314.155, 770.625, 125.240
152.327, 1069.804, 38.145
169.927, 901.846, 105.354
1545.261, 882.859, 35.577
1084.375, 429.542, 172.950
325.106, 1017.858, 36.391
1248.702, 372.137, 82.050
1272.612, 936.256, 208.890
842.827, 286.497, 27.197
1730.147, 144.227, 64.267
1058.876, 889.447, 203.421
348.519, 276.299, 217.304
1410.793, 203.738, 241.579
253.865, 824.874, 23.745
1686.647, 362.930, 218.724
786.479, 463.997, 35.276
1306.461, 468.003, 165.133
1179.819, 1007.871, 151.641
393.172, 113.544, 209.568
1271.647, 248.888, 110.493
1680.289, 630.400, 150.303
1293.946, 15.363, 40.217
365.012, 571.580, 207.596
1222.975, 256.197, 114.195
1709.515, 175.555, 134.384
718.778, 58.352, 227.315
1231.628, 85.870, 129.518
786.199, 948.059, 50.648
1688.808, 996.748, 73.984
358.613, 321.863, 86.144
349.017, 812.871, 151.711
703.400, 78.477, 172.550
1517.308, 1058.353, 57.640
1054.640, 656.440, 134.521
1268.907, 202.590, 146.627
654.090, 788.972, 13.953
740.252, 797.534, 139.457
555.861, 674.594, 56.243
364.681, 241.017, 221.527
159.632, 439.667, 21.957
1932.044, 769.302, 11.032
885.145, 275.527, 72.936
1089.651, 842.597, 207.389
471.257, 583.284, 67.507
959.906, 361.120, 129.470
973.650, 922.483, 49.880
890.379, 658.033, 150.916
97.990, 596.638, 145.778
1074.885, 356.319, 81.691
185.413, 938.719, 169.725
297.278, 480.193, 199.606
1313.125, 105.756, 54.615
68.136, 444.850, 211.189
390.115, 348.958, 165.354
1683.987, 625.644, 151.420
1261.910, 443.830, 29.378
853.147, 1048.224, 219.113
572.992, 725.475, 202.347
1565.115, 1005.746, 208.033
196.806, 824.444, 190.372
355.482, 147.483, 209.635
1728.808, 770.157, 182.479
932.383, 115.492, 154.357
308.857, 63.331, 48.505
1422.594, 605.493, 209.850
632.272, 0.355, 32.277
216.950, 447.015, 62.936
998.317, 117.494, 39.633
1097.353, 249.370, 207.949
1345.769, 82.514, 113.109
101.823, 55.442, 126.586
518.830, 163.258, 68.957
1287.924, 417.541, 185.453
233.050, 876.880, 157.586
658.204, 245.700, 41.900
1661.267, 995.850, 224.263
1935.297, 764.248, 215.599
759.440, 102.077, 192.359
618.222, 361.273, 37.567
1746.108, 214.428, 47.056
960.454, 316.341, 50.361
682.662, 919.708, 159.932
185.481, 882.637, 226.356
159.946, 210.276, 56.062
544.136, 120.582, 74.904
1558.243, 586.288, 168.195
319.598, 414.192, 116.064
1645.667, 266.152, 122.101
1384.047, 811.085, 143.123
1518.945, 668.772, 207.026
604.611, 409.067, 29.409
1380.069, 719.708, 45.978
1596.205, 503.224, 111.774
72.777, 534.037, 21.842
29.297, 382.949, 205.986
460.414, 1056.885, 76.208
1740.947, 331.176, 77.107
579.912, 358.770, 24.838
1198.259, 421.050, 240.600
824.770, 834.267, 239.954
848.140, 380.252, 40.129
1607.133, 182.990, 126.159
867.934, 772.277, 89.457
687.086, 309.407, 35.568
485.448, 1062.679, 119.455
1916.575, 855.506, 170.921
1164.323, 10.523, 141.156
1234.517, 790.100, 50.704
759.515, 791.300, 152.555
1789.933, 253.431, 82.103
1209.333, 761.739, 53.501
415.089, 852.775, 41.288
715.550, 640.502, 26.041
251.656, 826.972, 92.724
145.633, 578.660, 163.542
159.773, 238.200, 201.658
908.100, 750.705, 74.471
634.405, 728.435, 141.448
1698.155, 490.997, 143.407
918.882, 707.095, 175.176
1890.880, 430.216, 156.551
246.469, 31.351, 171.735
547.869, 154.130, 203.761
1305.351, 953.839, 45.066
916.196, 939.921, 58.177
1470.256, 368.774, 62.993
1486.715, 936.692, 104.558
781.320, 888.583, 157.754
1807.730, 792.315, 223.054
1462.547, 478.441, 53.811
400.371, 601.185, 231.146
744.654, 239.162, 138.468
386.264, 591.859, 161.836
983.487, 749.988, 126.300
91.880, 71.588, 72.906
340.290, 894.742, 113.623
477.075, 156.812, 244.699
1237.119, 1001.612, 99.352
307.000, 967.582, 94.335
1405.526, 784.035, 166.289
805.874, 462.317, 171.698
681.413, 580.689, 220.668
64.281, 441.832, 210.926
1200.950, 288.366, 140.187
1109.136, 586.221, 135.078
1132.394, 83.112, 137.145
969.377, 29.634, 116.355
935.155, 342.081, 181.936
1708.167, 245.643, 183.540
379.418, 657.573, 90.606
962.121, 279.591, 93.431
123.225, 697.609, 26.506
892.722, 316.864, 31.187
360.543, 246.647, 95.629
276.391, 349.657, 224.765
822.736, 976.581, 229.158
1520.674, 574.954, 132.868
751.211, 274.713, 172.627
1246.051, 926.520, 59.118
62.928, 897.003, 35.606
647.818, 702.055, 159.081
736.433, 486.506, 164.620
753.670, 17.139, 163.727
424.037, 735.402, 122.924
554.270, 802.822, 83.326
1530.211, 466.987, 78.416
641.449, 546.420, 53.759
319.281, 777.811, 213.484
789.393, 122.594, 79.880
1427.751, 85.259, 90.844
1045.138, 495.027, 77.361
421.580, 68.908, 206.896
1238.478, 159.078, 210.009
79.545, 954.074, 254.013
442.290, 330.422, 164.992
1113.196, 832.169, 79.239
1596.381, 1050.079, 94.819
703.982, 550.749, 143.986
138.691, 695.090, 136.681
273.190, 781.073, 159.537
1225.025, 950.445, 12.902
1032.056, 62.796, 103.603
1082.215, 603.441, 160.488
1807.516, 953.559, 214.984
694.839, 613.024, 50.876
111.313, 1028.857, 248.992
1497.998, 27.586, 28.832
1737.634, 795.675, 104.384
76.135, 102.326, 66.377
1159.992, 549.508, 176.350
209.507, 381.218, 74.902
1625.019, 58.367, 208.396
1134.308, 492.349, 105.626
386.545, 662.764, 38.262
1652.121, 1021.359, 223.457
1468.572, 819.130, 109.439
583.329, 202.742, 90.314
313.261, 639.088, 169.691
1752.275, 368.706, 30.754
1432.786, 338.275, 229.423
55.916, 359.030, 95.290
653.144, 107.280, 60.779
1097.967, 905.331, 167.921
510.914, 962.364, 125.583
280.202, 26.891, 217.922
1385.439, 477.732, 204.821
1224.602, 996.984, 112.540
1873.375, 891.653, 22.593
578.869, 344.212, 224.522
59.416, 122.239, 137.004
1578.439, 398.923, 219.414
1926.408, 228.090, 103.332
928.683, 683.265, 164.170
1168.569, 225.530, 144.295
240.844, 217.301, 217.780
351.408, 21.502, 95.152
275.770, 776.491, 31.511
1229.890, 499.467, 60.371
987.495, 795.191, 80.252
503.174, 181.173, 207.600
1830.620, 855.178, 194.465
703.397, 665.063, 202.769
444.097, 988.201, 179.529
1566.515, 936.915, 64.720
1489.673, 551.999, 138.114
427.837, 457.658, 182.959
340.516, 286.846, 173.125
1186.005, 38.507, 226.217
466.817, 812.450, 85.118
1770.828, 825.564, 36.490
1312.627, 530.819, 141.103
480.518, 831.313, 61.624
422.477, -7.449, 201.469
734.438, 845.197, 32.582
863.855, 469.943, 210.983
1294.364, 797.538, 163.102
1383.313, 614.520, 153.158
517.521, 167.493, 159.633
1329.277, 86.891, 154.031
87.687, 1058.381, 64.973
638.873, 842.909, 246.460
1185.702, 640.656, 116.709
1815.499, 77.954, 118.942
799.960, 184.088, 75.063
701.449, 154.846, 223.613
239.173, 184.441, 131.525
1756.813, 24.938, 33.609
358.793, 32.215, 211.149
1338.963, 641.619, 121.400
1351.866, 831.511, 195.001
1709.758, 1044.921, 178.423
1497.296, 660.705, 224.484
1658.781, 965.126, 91.098
922.084, 598.251, 228.771
1767.360, 101.714, 199.524
1435.794, 645.695, 24.173
1290.199, 537.661, 72.131
418.637, 212.819, 31.745
530.491, 696.121, 109.831
184.935, 124.436, 53.951
1079.231, 990.822, 156.100
563.299, 123.115, 112.885
1340.903, 1061.323, 210.714
952.610, 555.435, 34.090
128.889, 745.857, 194.619
283.836, 355.155, 211.004
1288.838, 287.572, 174.189
1882.756, 6.944, 173.717
1608.926, 266.111, 144.614
1819.259, 325.056, 146.326
671.089, 855.988, 114.789
331.823, 318.763, 89.088
244.341, 644.336, 53.375
1119.069, 837.529, 56.400
471.131, 539.029, 217.888
1775.910, 10.835, 216.595
1698.818, 817.737, 76.588
251.442, 419.380, 108.532
41.310, 178.575, 200.701
1869.680, 553.240, 57.499
131.892, 242.190, 220.038
1778.857, 923.461, 36.352
1698.647, 336.750, 78.510
995.341, 381.168, 95.345
599.459, 235.781, 136.308
907.496, 314.764, 141.892
1866.935, 79.392, 99.209
691.532, 570.259, 224.156
1059.223, 487.282, 197.972
721.863, 552.590, 255.000
1340.756, 89.930, 27.892
279.221, 813.954, 64.933
554.772, 979.886, 67.346
65.941, 901.634, 154.181
1530.028, 968.220, 229.050
171.291, 930.099, 124.078
644.344, 105.084, 70.136
776.556, 227.207, 250.898
1206.082, 660.046, 113.127
391.467, 384.926, 42.735
937.358, 1051.465, 102.598
1827.325, 148.902, 129.226
361.763, 87.747, 203.711
677.645, 1008.681, 222.957
320.201, 346.653, 70.574
1276.999, 855.556, 31.306
63.674, 421.954, 144.444
1692.060, 226.676, 157.403
1123.107, 646.143, 41.856
97.083, 7.382, 70.348
1240.010, 743.450, 141.088
1042.725, 669.793, 172.055
1445.215, 826.205, 121.267
1707.973, 326.926, 62.522
1172.608, 882.697, 201.791
585.060, 581.074, 223.163
409.333, 503.635, 175.628
1161.082, 158.859, 218.574
865.429, 760.823, 75.490
360.082, 892.625, 237.084
1066.218, 541.647, 122.044
1532.742, 348.223, 118.712
1778.412, 698.812, 91.173
1487.912, 567.748, 183.161
1930.126, 120.612, 205.529
660.107, 336.391, 60.274
367.643, 454.360, 128.522
911.827, 410.895, 138.821
1156.622, 598.508, 127.776
429.224, 637.543, 63.949
1141.380, 934.042, 172.239
1027.419, 507.569, 145.598
1660.506, 929.388, 105.197
344.428, 637.004, 96.775
409.247, 541.745, 77.823
1727.326, 348.094, 217.107
1487.759, 659.345, 83.288
1125.797, 815.075, 122.133
1846.475, 402.378, 140.616
422.447, 942.756, 216.501
1079.269, 846.522, 252.819
1713.077, 203.239, 132.204
1409.312, 497.334, 204.004
694.422, 744.412, 45.754
126.312, 439.190, 203.591
107.858, 450.828, 124.997
1286.378, 69.153, 47.927
1135.054, -1.493, 61.800
210.801, 366.228, 190.969
1082.119, 744.916, 91.171
285.193, 741.370, 90.086
1308.604, 568.349, 175.082
1643.084, 265.150, 20.900
1395.484, 967.691, 143.541
835.323, 992.793, 6.641
913.198, 119.653, 66.438
1218.579, 989.759, 101.291
1881.792, 563.024, 199.777
967.087, 270.647, 169.131
962.533, 962.782, 84.807
197.135, 804.203, 255.000
50.674, 838.626, 42.396
469.105, 770.644, 58.472
888.176, 875.448, 213.366
38.025, 947.573, 186.192
1382.551, 129.169, 188.317
1005.762, 466.330, 15.321
240.355, 767.389, 237.567
1295.064, 59.263, 53.217
1753.678, 86.686, 239.920
1581.457, 477.876, 61.435
574.056, 462.365, 170.407
486.063, 691.157, 125.626
756.705, 7.010, 115.013
1561.739, 519.201, 79.457
566.780, 593.925, 168.933
1163.120, 466.510, 162.680
790.770, 20.841, 104.312
1102.012, 39.858, 173.817
1743.608, 437.718, 90.833
731.037, 685.848, 71.384
1211.444, 761.279, 49.289
1253.017, 316.804, 152.579
1673.746, 141.203, 30.233
474.815, 135.515, 181.697
1699.780, 919.822, 121.288
167.577, 950.557, 152.393
1397.915, 737.603, 123.027
778.779, 264.020, 154.026
37.455, 476.631, 39.768
906.746, 430.376, 52.154
176.029, 358.580, 117.892
1569.388, 920.242, 124.006
1445.323, 623.103, 230.603
940.580, 89.340, 168.454
322.710, 1059.277, 239.918
1243.407, 736.969, 133.712
465.718, 199.016, 142.969
466.967, 567.138, 165.952
1058.171, 1052.473, 238.367
1286.608, 515.987, 193.388
1623.253, 527.723, 255.000
691.041, 506.559, 233.699
471.901, 663.617, 205.102
1324.383, 652.657, 209.496
246.677, 436.537, 184.938
1532.859, 868.288, 131.131
956.550, 480.966, 212.162
1678.480, 278.022, 96.513
780.576, 334.897, 109.654
803.282, 623.117, 216.363
1392.736, 569.257, 123.350
1027.964, 719.312, 100.052
1092.532, 172.379, 174.066
1219.821, 1021.001, 203.489
1075.286, 110.968, 46.122
1601.488, 817.263, 201.823
1801.987, 46.602, 135.937
547.357, 1038.651, 77.369
263.615, 538.795, 187.607
349.253, 447.132, 184.301
343.724, 630.663, 198.955
1404.312, 963.702, 94.614
1070.670, 157.008, 62.924
1484.356, 614.515, 209.289
1245.762, 461.493, 35.404
1663.245, 816.157, 234.870
320.495, 948.678, 201.998
1311.748, 1000.442, 252.212
865.417, 652.096, 180.124
104.995, 608.926, 130.180
1023.731, 363.376, 133.478
969.032, 899.038, 206.288
1654.416, 961.206, 80.611
302.886, 193.544, 203.237
1114.999, 36.913, 91.358
686.942, 385.225, 205.544
1526.483, 698.478, 75.964
1117.882, 576.413, 139.155
1724.891, 944.359, 46.212
1586.149, 948.649, 245.070
880.529, 415.970, 132.873
75.071, 790.526, 63.493
1333.400, 275.729, 90.122
1810.635, 335.393, 32.711
866.850, 70.273, 75.224
1121.374, 533.585, 75.318
1769.693, 1034.548, 237.195
1395.337, 1038.237, 156.302
1806.831, 960.135, 97.600
1565.164, 358.205, 235.680
1218.645, 699.269, 90.278
1555.716, 661.949, 200.680
1082.007, 604.738, 70.297
1297.056, 561.663, 126.081
1589.877, 206.804, 191.233
1185.161, 1041.105, 197.792
125.219, 363.945, 73.186
223.752, 690.781, 76.263
856.683, 207.116, 204.778
704.898, 732.724, 83.477
125.648, 867.323, 97.459
243.671, 1009.517, 159.883
397.613, 422.917, 92.530
574.428, 312.799, 140.655
28.880, 1023.544, 204.913
283.121, 266.759, 132.118
1464.094, 415.104, 26.679
876.817, 5.428, 133.401
1735.780, 643.498, 253.426
304.844, 736.281, 78.888
1117.372, 852.645, 24.182
370.773, 1067.116, 128.029
1723.906, 965.218, 180.853
919.166, 279.926, 51.633
548.810, 686.053, 198.748
886.554, 164.780, 212.165
716.794, 8.544, 123.202
1799.248, 36.949, 144.984
862.781, 395.738, 61.117
917.152, 467.531, 84.842
1367.759, 834.444, 225.897
932.391, 750.674, 116.844
65.050, 255.852, 231.459
1438.003, 124.927, 129.419
1860.118, 185.389, 98.845
1157.809, 580.916, 45.223
1390.139, 979.742, 139.378
166.214, 712.071, 226.778
755.217, 451.803, 174.936
180.822, 564.470, 62.977
1505.013, 127.314, 21.619
404.840, 251.458, 183.380
1701.841, 695.882, 26.038
92.550, 965.306, 58.346
1346.249, 826.587, 114.398
743.931, 779.345, 206.011
1816.480, 39.604, 237.932
682.837, 534.974, 225.144
1748.401, 133.132, 22.918
1915.134, 670.888, 255.000
1502.256, 740.912, 38.455
1018.092, 29.504, 74.648
543.269, 199.800, 158.861
1411.928, 583.667, 123.514
1843.803, 548.164, 132.442
1558.953, 195.407, 49.622
1571.542, 104.554, 82.847
1736.849, 445.518, 188.570
410.314, 660.073, 60.203
1878.888, 449.476, 187.703
976.570, 982.938, 150.547
1892.225, 673.135, 37.277
1853.134, 421.383, 156.262
155.728, 489.286, 197.981
467.870, 746.162, 53.904
1860.689, 808.614, 197.699
1678.987, 344.218, 165.411
1074.657, 1066.189, 247.990
1776.358, 436.514, 172.445
505.656, 785.205, 139.780
1201.099, 260.114, 163.715
1017.231, 562.933, 237.256
1245.112, 436.725, 98.403
1792.120, 922.720, 82.076
225.750, 693.995, 120.772
78.084, 1059.527, 159.839
1101.430, 453.770, 46.465
1807.722, 25.026, 131.532
427.840, 699.631, 196.627
890.771, 827.008, 162.093
244.873, 382.118, 99.289
1721.510, 152.329, 168.383
1544.610, 805.565, 123.839
1863.983, 486.497, 151.335
1052.944, 311.893, 218.664
1307.200, 559.720, 231.272
962.165, 888.220, 146.888
54.347, 403.405, 181.657
438.491, 123.804, 195.080
1470.168, 516.355, 131.732
365.556, 460.649, 107.080
1334.058, 695.823, 233.332
582.785, 145.790, 199.283
1728.019, 937.147, 156.941
321.387, 423.862, 84.793
1560.877, 743.362, 189.907
1808.380, 766.218, 143.900
746.425, 69.428, 113.906
220.852, 332.539, 93.002
381.932, 622.454, 119.028
777.658, 719.797, 141.518
1897.579, 911.413, 54.993
1448.826, 209.914, 71.431
601.326, 934.554, 74.828
894.894, 114.171, 70.116
1614.508, 418.900, 165.046
425.656, 587.992, 28.050
113.874, 465.284, 180.568
1338.226, 909.152, 112.624
949.804, 190.040, 40.654
1345.380, 1004.348, 174.049
1486.096, 346.323, 98.785
1847.253, 1037.656, 201.653
110.276, 546.767, 241.521
1334.718, 869.458, 20.569
1832.414, 298.372, 77.787
1778.304, 211.585, 118.274
1136.794, 606.347, 96.188
1283.082, 96.044, 40.849
327.823, 205.196, 208.321
38.389, 983.079, 164.476
1585.527, 116.385, 92.527
82.070, 559.570, 156.451
1860.478, 103.825, 214.675
426.335, 699.040, 74.976
168.779, 131.115, 47.628
121.613, 451.248, 146.753
444.141, 606.652, 65.200
982.272, 6.922, 57.567
896.350, 1062.950, 159.274
1111.548, 501.305, 210.324
1441.363, 291.247, 120.207
61.762, 870.779, 91.042
1807.399, 157.522, 158.868
1914.908, 1067.754, 115.605
1097.513, 889.532, 105.651
1663.106, 760.019, 35.807
1428.965, 490.526, 112.948
824.371, 781.450, 121.882
109.049, 727.377, 148.167
803.153, 510.875, 64.558
1138.171, 889.988, 98.462
86.232, 187.408, 211.217
1933.417, 647.374, 213.487
113.120, 914.879, 45.388
720.400, 1056.814, 182.311
1771.272, 539.565, 168.557
1649.467, 860.301, 59.205
1046.229, 159.891, 151.338
1368.713, 1052.228, 201.574
366.854, 626.722, 243.406
1170.107, 838.190, 51.256
1617.967, 576.676, 79.165
987.956, 874.780, 227.605
395.238, 535.573, 24.411
951.917, 534.244, 214.955
1779.610, 55.090, 45.496
1458.609, 651.810, 249.621
533.728, 1027.768, 130.748
1277.244, 333.163, 224.495
753.272, 658.789, 77.082
820.607, 499.222, 67.539
1919.176, 39.497, 51.318
895.438, 875.974, 229.369
147.468, 967.976, 113.915
606.648, 189.568, 91.143
1237.778, 50.753, 22.321
410.271, 445.888, 40.115
1667.957, 74.492, 133.868
358.387, 914.380, 247.234
75.009, 582.811, 128.365
750.172, 488.861, 234.245
417.574, 819.117, 157.357
1524.785, 962.059, 162.476
657.878, 850.121, 192.158
1758.571, 152.536, 219.512
931.674, 317.678, 10.549
217.669, 199.981, 85.736
430.955, 198.518, 210.493
1686.397, 521.958, 158.639
1437.257, 897.694, 135.132
1186.863, 394.130, 193.253
1359.207, 120.917, 67.396
1078.957, 502.503, 42.629
1048.361, 549.631, 199.312
183.848, 373.682, 97.184
1864.985, 15.145, 105.481
1701.349, 198.381, 141.013
1620.403, 220.360, 204.529
938.714, 255.349, 159.279
762.338, 827.000, 163.931
237.129, 892.820, 182.506
1781.342, 974.269, 96.204
1771.698, 250.350, 48.249
1312.931, 482.577, 30.991
1850.418, 658.453, 56.330
1750.222, 692.763, 143.849
705.705, 459.946, 130.088
1035.726, 840.179, 69.151
808.071, 676.565, 55.840
1148.504, 372.254, 107.067
1382.294, 732.849, 168.193
606.651, 764.835, 168.349
1405.359, 96.234, 220.027
1073.723, 135.534, 45.464
910.819, 920.476, 135.971
