1596.043, 160.054, 156.771
1436.950, 145.430, 167.439
1063.683, 594.273, 32.023
263.404, 731.581, 248.598
1268.347, 311.705, 147.654
1043.404, 897.968, 212.087
389.183, 259.273, 188.669
1529.065, 871.618, 151.217
629.055, 1060.303, 214.965
236.521, 835.115, 99.158
738.517, 25.131, 154.209
539.010, 988.073, 63.544
1493.345, 674.972, 48.644
1017.724, 1011.180, 102.986
875.590, 835.412, 165.619
1020.036, 667.535, 206.430
1866.165, 571.702, 191.631
1626.890, 817.422, 135.106
1750.800, 628.617, 217.390
459.694, 143.808, 180.010
820.370, 1028.520, 198.610
1391.166, 308.975, 104.089
1482.060, 668.750, 227.969
560.111, 105.519, 230.634
705.919, 560.714, 249.960
896.504, 391.617, 46.947
1098.029, 840.576, 67.317
1318.464, 704.388, 221.583
1819.218, 892.392, 195.524
1008.126, 371.093, 146.810
1241.594, 660.838, 99.773
1772.326, 702.174, 203.416
745.275, 491.742, 47.378
1665.261, 638.621, 143.124
1523.156, 547.796, 59.875
768.285, 877.526, 24.736
1099.063, 592.807, 214.561
1462.197, 842.282, 31.477
1814.745, 863.341, 206.038
1020.088, 865.955, 22.169
787.652, 653.606, 137.408
404.049, 33.172, 187.463
50.410, 20.809, 249.953
121.976, 14.559, 197.724
625.087, 1024.314, 186.280
1443.214, 660.164, 235.450
1388.765, 971.463, 98.677
924.463, 846.437, 241.625
533.223, 26.249, 201.231
944.383, 761.523, 242.588
1519.040, 638.079, 26.697
611.237, 126.555, 68.239
601.615, 284.847, 179.278
1685.759, 1064.154, 127.884
879.489, 883.731, 239.035
689.866, 740.528, 79.937
1899.939, 238.989, 38.569
1192.964, 478.254, 115.555
1357.104, 99.079, 99.034
1482.080, 401.261, 212.171
1614.835, 222.315, 215.301
1092.190, 947.578, 43.396
1553.694, 894.357, 175.062
932.201, 791.794, 99.641
1164.704, 829.044, 176.793
1605.354, 228.424, 213.642
1420.202, 929.319, 174.804
428.613, 614.905, 57.122
447.317, 709.741, 75.469
376.780, 782.326, 204.088
1857.566, 899.592, 27.923
849.000, 1051.839, 100.054
644.225, 391.319, 219.756
345.717, 702.042, 57.923
188.739, 498.863, 190.063
1601.520, 99.970, 224.942
1280.290, 342.242, 207.723
506.607, 443.419, 68.681
1834.100, 1078.171, 156.562
1449.224, 57.409, 236.732
361.158, 148.322, 239.283
1292.805, 576.078, 186.735
1062.787, 397.553, 20.449
750.750, 462.963, 76.471
808.830, 789.522, 126.431
829.350, 794.373, 187.658
1749.116, 433.697, 111.604
1004.366, 776.676, 229.340
401.370, 119.735, 57.415
314.231, 746.547, 83.068
1390.106, 792.138, 151.975
249.284, 598.200, 224.542
487.414, 23.040, 102.399
1515.391, 172.717, 117.407
116.023, 249.977, 223.959
1554.048, 748.884, 27.198
754.036, 5.058, 175.501
1776.564, 931.064, 84.955
1656.940, 1077.075, 234.218
1676.743, 235.005, 154.020
734.964, 497.385, 240.411
847.962, 360.296, 34.010
1368.639, 818.823, 139.045
727.870, 1060.892, 47.553
393.817, 549.550, 70.232
1828.086, 556.526, 144.912
1918.072, 23.136, 44.668
1793.395, 1054.146, 112.000
1727.000, 34.986, 93.206
547.694, 491.983, 111.862
1608.234, 120.066, 126.076
1667.659, 873.977, 114.978
426.353, 1059.803, 75.262
1674.166, 319.557, 35.503
1352.573, 647.784, 65.747
1877.983, 618.265, 46.048
1670.866, 529.926, 151.230
531.617, 857.084, 222.812
1273.275, 401.850, 87.283
425.398, 914.912, 241.702
882.650, 486.135, 174.562
805.358, 507.764, 55.787
456.309, 935.230, 49.372
1246.101, 1010.711, 117.072
827.693, 856.902, 148.507
1127.385, 384.146, 84.566
1228.312, 744.825, 128.566
1253.915, 131.331, 173.668
1718.609, 54.324, 243.673
1901.015, 863.955, 166.419
1624.776, 504.112, 74.285
765.983, 170.123, 210.094
1180.585, 1072.656, 209.990
832.361, 405.881, 30.679
970.281, 309.045, 247.859
1050.311, 550.006, 130.776
36.543, 91.421, 152.459
370.080, 973.853, 62.254
739.852, 15.002, 183.325
1441.731, 921.751, 93.833
1791.068, 968.755, 105.882
1277.759, 760.600, 178.101
1773.079, 162.695, 69.268
1360.480, 950.501, 237.325
1104.833, 913.358, 212.047
560.478, 1033.247, 173.632
1341.750, 493.864, 157.196
1740.248, 600.002, 49.077
1179.811, 432.031, 94.938
1225.312, 245.096, 238.505
573.611, 940.883, 186.601
1824.758, 1030.383, 194.046
1043.088, 1060.851, 238.626
1709.621, 55.647, 200.929
1627.972, 273.015, 21.499
1243.150, 264.595, 189.229
1056.847, 1010.953, 138.945
1828.920, 548.177, 117.990
1331.594, 821.639, 177.188
205.685, 340.499, 106.819
771.943, 250.561, 71.726
89.591, 323.115, 33.587
1544.991, 751.709, 182.155
1231.011, 934.373, 72.628
937.083, 563.761, 24.653
996.837, 1061.717, 221.297
651.631, 924.502, 143.773
955.519, 59.296, 60.271
465.199, 782.678, 32.971
46.068, 878.585, 99.132
1274.588, 837.122, 35.541
1547.510, 227.383, 213.914
1329.903, 1012.459, 185.060
406.219, 782.425, 22.284
762.489, 727.586, 152.521
1230.129, 78.852, 20.089
689.572, 526.296, 215.462
348.579, 96.209, 66.515
1184.681, 457.480, 50.792
1765.382, 921.159, 140.817
170.048, 891.230, 223.841
1013.816, 822.975, 80.396
1845.833, 148.730, 27.098
1764.610, 62.955, 50.497
730.606, 77.571, 118.539
377.385, 121.487, 195.715
368.123, 724.510, 246.413
654.027, 1013.552, 32.167
657.646, 326.446, 69.152
1492.647, 959.316, 102.327
1566.862, 137.699, 194.389
1692.367, 253.355, 197.067
562.505, 855.247, 188.202
1506.524, 905.257, 186.969
722.734, 964.237, 151.497
995.051, 927.389, 242.861
470.339, 699.541, 129.090
1476.573, 545.514, 110.321
1865.180, 92.749, 107.324
99.178, 381.571, 73.452
350.224, 652.890, 97.050
1396.844, 141.218, 135.477
1383.317, 839.293, 236.755
1234.651, 565.457, 204.946
406.299, 77.598, 192.517
1427.050, 799.350, 223.004
1545.192, 1019.819, 35.327
1194.791, 30.784, 225.043
1521.535, 247.544, 149.060
1107.194, 654.728, 45.309
333.949, 455.487, 186.877
1244.499, 538.379, 206.840
549.218, 99.241, 245.103
1322.748, 562.545, 36.148
646.570, 906.467, 72.830
1667.640, 329.554, 129.408
667.766, 741.366, 76.599
922.197, 1059.874, 91.265
807.274, 984.655, 233.940
1505.763, 766.502, 171.802
1121.711, 502.800, 213.547
520.076, 264.514, 54.877
183.016, 945.818, 165.862
1823.712, 432.755, 141.892
1052.411, 371.161, 233.993
720.081, 589.095, 212.804
1773.794, 454.776, 98.042
409.813, 794.467, 232.087
900.260, 454.685, 140.092
1219.087, 483.515, 224.287
383.287, 178.836, 244.810
366.830, 312.423, 120.436
1683.663, 751.837, 154.483
925.390, 80.177, 205.863
848.715, 480.405, 139.979
489.717, 212.301, 143.106
108.899, 242.868, 140.513
1663.735, 352.494, 175.697
305.200, 956.906, 190.817
1607.412, 535.580, 245.535
1459.311, 583.584, 192.621
1751.480, 110.128, 201.933
1738.966, 329.464, 216.523
1094.044, 297.107, 244.545
125.507, 6.522, 85.653
1672.324, 192.866, 60.352
415.351, 206.890, 204.470
141.979, 914.076, 216.506
1013.699, 729.340, 47.556
1290.889, 984.575, 152.974
1213.406, 935.665, 31.736
984.225, 315.018, 249.775
1851.816, 87.651, 109.760
1685.136, 978.941, 190.945
1719.172, 420.963, 107.970
981.704, 76.644, 67.743
1569.706, 124.893, 82.187
1082.322, 257.703, 209.451
124.930, 864.775, 126.105
1588.826, 579.462, 130.028
74.650, 877.313, 222.846
154.088, 341.928, 35.165
1700.072, 703.127, 193.607
1501.863, 1066.430, 49.968
1672.274, 705.572, 244.258
1608.359, 225.745, 157.692
1811.396, 157.596, 137.050
746.827, 144.901, 97.243
1374.001, 832.265, 195.340
903.719, 715.406, 186.674
304.515, 294.951, 147.741
1680.916, 799.986, 176.410
22.350, 278.443, 245.688
380.233, 848.419, 153.482
406.542, 0.560, 208.435
334.294, 556.648, 212.779
851.312, 78.515, 67.140
1614.641, 711.798, 34.042
1662.597, 286.068, 83.358
125.621, 739.330, 25.432
425.482, 564.788, 164.463
1219.243, 92.872, 48.235
1126.201, 86.954, 94.562
316.751, 982.387, 201.159
791.660, 954.370, 224.666
632.529, 710.207, 168.163
959.332, 910.353, 83.392
797.632, 918.681, 117.054
370.944, 513.921, 230.880
629.626, 207.446, 223.118
759.081, 522.183, 118.316
1298.817, 672.133, 88.466
687.490, 775.606, 203.669
902.915, 913.481, 48.258
1795.243, 885.245, 68.933
449.536, 465.760, 61.475
155.714, 165.365, 226.801
1291.320, 568.403, 242.903
1550.452, 1022.418, 20.872
655.189, 864.323, 115.209
1645.421, 1003.739, 228.118
959.001, 576.329, 232.867
1918.920, 57.952, 107.174
380.590, 674.130, 229.426
1769.492, 334.508, 53.888
1269.639, 523.649, 233.731
694.517, 366.868, 180.834
315.859, 326.527, 79.867
239.873, 648.331, 129.127
1339.706, 583.086, 221.998
592.652, 526.800, 188.250
1845.078, 817.289, 212.308
520.348, 111.819, 81.535
242.847, 283.520, 244.402
489.981, 793.307, 138.708
1050.095, 205.774, 30.551
934.227, 462.382, 111.627
844.326, 523.806, 76.603
194.796, 580.164, 93.429
758.458, 425.277, 57.143
1730.535, 222.829, 58.919
129.614, 762.853, 35.044
1325.069, 150.074, 31.830
1149.669, 888.102, 43.116
1317.996, 109.774, 97.837
1647.581, 823.983, 228.936
369.177, 24.424, 230.339
879.119, 1079.556, 227.406
676.131, 578.702, 226.249
1405.983, 496.493, 69.129
1336.152, 390.327, 79.280
623.415, 851.280, 234.961
933.388, 869.226, 77.484
1182.857, 1037.562, 145.237
237.385, 341.772, 27.077
1733.843, 1041.818, 91.954
152.889, 620.500, 140.153
1889.687, 654.510, 123.018
607.293, 567.025, 93.771
1784.847, 507.346, 115.524
548.975, 583.746, 126.591
1829.867, 746.987, 188.648
1222.164, 581.860, 246.992
325.438, 295.041, 168.411
377.002, 95.498, 217.008
113.551, 753.791, 184.268
1180.157, 28.665, 152.286
1380.271, 1046.671, 160.492
363.624, 665.496, 102.502
495.641, 660.223, 243.588
1873.556, 470.140, 109.579
895.451, 929.118, 150.551
1118.435, 745.540, 175.717
1456.563, 858.453, 233.688
1504.172, 70.670, 81.133
518.598, 1036.096, 123.097
882.913, 88.700, 225.237
1877.052, 681.331, 50.940
787.571, 631.472, 224.484
334.088, 355.348, 233.658
1335.975, 309.567, 137.614
1487.205, 547.082, 122.836
1288.056, 411.439, 43.477
356.733, 656.283, 101.791
242.466, 192.996, 109.742
285.340, 385.757, 27.519
123.349, 703.518, 135.967
543.290, 26.674, 70.828
1142.613, 153.153, 75.381
1056.703, 830.825, 198.813
135.143, 170.226, 23.468
1090.805, 715.038, 94.743
680.131, 1054.113, 237.273
220.064, 59.248, 96.608
1591.458, 771.896, 244.698
561.739, 68.506, 49.582
143.538, 67.736, 55.859
903.526, 685.462, 128.160
336.517, 351.997, 90.197
708.395, 325.332, 152.421
1586.440, 825.001, 192.768
1306.878, 845.388, 120.729
129.725, 587.330, 149.168
557.209, 981.130, 170.766
387.496, 131.209, 29.663
1607.090, 302.795, 87.397
453.954, 778.735, 65.097
189.631, 971.049, 194.227
1209.124, 958.260, 20.601
1555.629, 756.024, 78.409
1437.951, 1071.315, 153.984
216.136, 112.431, 188.938
267.410, 920.025, 40.358
1844.985, 163.312, 214.658
709.286, 478.558, 148.318
236.325, 427.815, 100.889
1602.134, 584.517, 73.784
1494.387, 161.692, 133.167
1025.288, 665.086, 232.022
462.431, 864.240, 171.820
1802.438, 333.316, 107.225
1324.249, 232.036, 119.791
441.694, 975.143, 174.787
16.683, 659.567, 57.483
158.691, 240.382, 50.997
1356.736, 680.017, 190.508
1108.678, 645.341, 243.988
1322.658, 319.025, 156.797
533.914, 554.298, 55.364
375.077, 357.437, 164.775
1063.657, 511.081, 49.084
567.591, 721.606, 170.252
565.638, 250.642, 130.084
667.397, 684.813, 245.629
343.214, 922.388, 236.099
394.466, 668.758, 59.165
1708.749, 882.372, 247.908
1103.357, 493.261, 120.744
753.012, 340.910, 235.367
1640.877, 838.916, 79.298
365.981, 630.427, 120.045
505.686, 547.256, 187.964
557.770, 450.685, 79.837
488.689, 60.765, 44.940
1546.241, 371.487, 41.245
1187.065, 1022.701, 199.353
901.307, 1006.081, 56.263
1152.633, 234.101, 148.191
1861.598, 660.712, 186.016
517.346, 188.953, 180.338
1024.936, 90.513, 52.890
1228.221, 115.930, 85.750
1162.475, 1014.916, 106.628
307.171, 931.634, 93.687
799.076, 408.980, 34.217
540.770, 683.145, 56.517
646.159, 963.603, 74.292
388.089, 784.025, 72.702
1197.349, 660.215, 202.299
1187.445, 733.915, 35.309
753.674, 481.086, 24.895
200.577, 126.034, 52.691
1069.166, 438.030, 174.934
1751.184, 587.856, 221.704
1553.877, 928.132, 132.211
349.635, 580.201, 214.859
1061.718, 76.484, 81.505
734.878, 1064.059, 111.497
619.082, 24.649, 58.299
406.801, 951.421, 223.662
1859.959, 203.056, 153.824
53.379, 107.814, 121.898
1055.230, 1057.157, 49.025
580.187, 194.026, 126.983
1203.423, 998.388, 98.423
15.337, 570.067, 182.876
433.181, 783.588, 201.564
715.065, 694.276, 84.202
109.608, 943.970, 60.131
110.190, 372.488, 77.071
1901.966, 824.380, 142.322
762.969, 272.237, 158.210
1162.585, 500.093, 241.556
217.285, 884.639, 158.154
1064.569, 861.143, 120.543
1145.320, 471.865, 191.916
741.663, 15.675, 107.427
93.239, 735.445, 140.525
532.665, 161.854, 199.952
1435.402, 255.424, 183.584
580.368, 726.643, 247.787
1417.512, 346.192, 237.826
1586.631, 797.457, 247.496
51.954, 901.851, 185.199
1294.291, 955.271, 69.543
1182.307, 429.466, 236.904
821.253, 879.014, 86.353
294.849, 559.261, 149.026
1795.235, 302.004, 223.101
815.750, 197.443, 121.455
847.741, 404.013, 53.658
1657.645, 538.085, 93.256
935.273, 690.224, 226.439
1123.463, 932.504, 24.205
1735.354, 430.539, 229.987
1039.339, 664.270, 125.724
983.359, 867.628, 85.854
582.042, 15.288, 123.800
1454.858, 524.499, 143.917
630.738, 284.545, 218.589
827.076, 763.085, 173.487
1228.412, 890.238, 156.480
1233.443, 380.146, 70.992
740.524, 220.933, 67.468
1699.695, 714.999, 91.489
978.472, 1051.099, 118.187
856.657, 87.488, 93.355
108.596, 911.320, 32.369
61.385, 405.663, 90.108
314.151, 963.947, 37.718
665.423, 8.970, 129.557
372.500, 797.722, 138.644
583.817, 558.408, 170.496
576.350, 530.854, 135.932
1609.427, 66.222, 196.661
1091.117, 819.739, 23.426
59.071, 590.774, 124.582
1302.017, 896.087, 227.462
1290.603, 633.115, 227.722
1529.856, 891.026, 49.019
936.663, 542.546, 224.278
1868.349, 612.829, 157.250
1313.015, 622.292, 88.819
333.013, 157.724, 93.409
1583.469, 617.743, 116.509
322.082, 998.251, 227.753
756.685, 383.684, 194.838
1843.495, 346.796, 208.422
386.451, 60.315, 51.312
1037.805, 38.463, 204.766
528.677, 128.863, 71.371
1553.693, 566.467, 139.593
1116.468, 97.383, 63.640
1745.665, 22.612, 128.091
679.399, 621.312, 52.267
850.298, 127.144, 149.798
725.153, 963.302, 211.720
1175.521, 389.758, 242.249
1352.561, 420.815, 197.609
953.886, 1020.232, 221.239
918.417, 123.663, 81.774
1121.687, 11.293, 104.436
819.373, 1000.659, 20.826
1014.237, 227.430, 206.938
171.117, 977.697, 131.095
1376.489, 512.321, 215.620
1726.270, 715.071, 168.964
913.555, 691.742, 177.533
355.023, 1075.504, 135.708
933.959, 598.292, 105.377
787.446, 516.770, 97.534
1275.050, 545.495, 57.723
1323.738, 687.262, 234.783
83.873, 95.183, 159.588
557.101, 733.787, 202.903
725.447, 1035.194, 111.487
1101.588, 1055.347, 177.435
827.152, 1061.966, 53.030
1219.490, 797.983, 39.646
979.678, 389.619, 88.898
1570.660, 703.981, 234.932
132.539, 17.779, 77.631
1020.160, 848.239, 72.137
460.970, 924.581, 86.114
320.818, 226.966, 216.073
128.890, 444.545, 233.159
1399.899, 12.483, 88.529
630.881, 836.802, 46.301
1883.970, 666.610, 44.941
1145.685, 167.301, 206.257
242.491, 462.070, 174.518
236.932, 528.579, 81.285
1765.713, 982.079, 101.624
852.540, 780.034, 98.190
22.640, 955.738, 186.420
978.001, 825.446, 39.010
856.919, 666.216, 229.053
1087.549, 824.556, 205.708
285.399, 301.056, 171.079
1291.130, 476.358, 169.556
402.925, 220.589, 41.029
209.262, 258.926, 195.580
1771.472, 566.153, 214.320
261.354, 357.367, 214.203
565.613, 341.687, 145.222
382.138, 430.907, 83.019
1760.708, 445.087, 175.202
215.594, 265.066, 83.158
1531.667, 332.565, 30.439
1366.862, 741.402, 182.156
1112.602, 934.076, 205.760
128.709, 181.424, 124.706
721.099, 875.994, 173.963
967.554, 422.704, 33.874
1641.754, 357.247, 219.812
298.259, 402.620, 108.871
944.515, 369.030, 135.808
770.896, 956.573, 37.431
1790.334, 351.349, 168.807
1674.268, 60.019, 60.842
581.064, 425.417, 125.586
1406.569, 580.896, 98.604
872.951, 922.453, 224.562
536.976, 1001.526, 28.212
1517.493, 876.348, 136.055
307.563, 625.694, 185.969
811.870, 835.680, 152.175
1694.882, 950.160, 41.259
1093.324, 594.529, 134.559
1191.661, 734.554, 141.139
547.234, 446.036, 129.001
201.427, 659.895, 217.642
1801.337, 47.365, 236.205
867.212, 456.883, 202.295
1275.440, 981.392, 160.059
947.468, 971.221, 80.451
1708.439, 707.076, 139.221
1770.782, 383.625, 197.882
739.001, 263.806, 213.056
304.117, 422.552, 118.213
1639.168, 969.468, 86.914
725.148, 700.226, 117.363
1543.378, 203.297, 35.995
206.817, 630.698, 22.482
837.497, 1056.408, 214.721
571.709, 416.935, 180.262
1069.468, 269.513, 194.116
910.917, 1044.023, 171.547
574.933, 745.055, 73.721
523.647, 921.522, 87.192
267.368, 439.997, 181.812
106.141, 459.284, 160.533
1672.960, 504.054, 134.388
1846.029, 1037.651, 193.291
41.846, 998.053, 239.100
983.340, 1065.152, 156.395
980.275, 22.980, 24.762
1593.562, 282.183, 74.334
66.248, 567.554, 163.378
984.914, 902.076, 66.802
113.810, 74.437, 135.802
554.038, 654.666, 112.947
1706.956, 1035.546, 140.049
1387.090, 649.745, 55.778
563.138, 352.862, 231.245
686.554, 335.891, 214.279
1452.840, 827.366, 119.696
518.842, 742.467, 102.124
22.140, 200.930, 43.618
1656.079, 224.348, 191.246
907.780, 878.891, 115.399
1144.677, 850.884, 51.092
1435.833, 1040.962, 106.479
1147.238, 474.366, 163.895
744.376, 292.831, 223.097
1164.410, 1015.705, 137.908
1694.325, 381.645, 177.927
688.809, 953.680, 180.233
460.074, 236.348, 41.421
591.838, 979.797, 177.616
1368.784, 782.999, 100.939
1185.553, 578.024, 194.242
717.240, 177.798, 117.954
1441.367, 533.958, 176.068
405.390, 1055.482, 194.522
1223.148, 167.700, 224.471
1289.471, 961.935, 40.993
1504.632, 456.164, 68.043
539.164, 761.086, 188.219
1314.731, 462.705, 99.097
781.930, 865.175, 235.270
1765.292, 362.056, 154.119
1551.550, 889.814, 107.648
1737.040, 376.685, 32.719
900.435, 948.219, 67.426
70.370, 195.117, 204.178
1170.089, 994.679, 122.973
735.462, 187.663, 99.178
1693.725, 183.866, 128.664
1422.384, 181.047, 205.180
1673.848, 161.365, 164.859
1845.618, 509.826, 42.180
340.757, 871.662, 178.038
1799.735, 86.231, 124.883
33.504, 115.462, 133.667
1631.519, 614.824, 115.207
1910.739, 710.141, 186.331
1800.031, 637.388, 96.642
1564.239, 289.251, 209.201
476.310, 563.440, 172.073
1763.311, 931.269, 45.775
761.760, 346.267, 23.359
631.021, 482.214, 235.474
1800.064, 664.961, 144.008
200.956, 455.506, 71.869
775.420, 29.246, 91.922
1144.605, 731.990, 39.835
641.445, 1031.947, 146.561
486.111, 830.978, 46.915
789.901, 300.718, 71.406
893.575, 975.970, 158.695
1919.128, 337.544, 65.128
842.838, 1063.141, 39.913
422.159, 702.449, 183.926
1707.683, 736.763, 166.956
419.621, 276.384, 93.803
1189.243, 933.018, 244.307
376.267, 865.019, 192.743
1683.195, 344.697, 83.890
480.481, 675.001, 106.480
867.614, 253.552, 119.352
420.011, 772.152, 87.821
166.025, 682.439, 151.233
1335.927, 447.201, 82.621
1735.706, 814.282, 163.231
253.616, 223.935, 30.787
1154.158, 76.638, 47.885
638.860, 797.029, 27.763
612.672, 282.802, 199.341
231.257, 39.760, 176.505
453.506, 302.413, 205.219
333.159, 284.977, 204.969
228.000, 1017.496, 146.962
120.401, 389.189, 201.386
972.855, 883.302, 228.001
215.241, 67.123, 130.823
1144.172, 344.012, 190.205
1251.637, 267.175, 117.983
1648.538, 1022.429, 115.686
462.464, 502.629, 39.290
291.719, 975.664, 104.297
1372.063, 952.138, 164.888
625.603, 1047.122, 27.566
522.813, 549.220, 200.288
1432.515, 115.644, 143.374
1367.904, 806.867, 186.472
841.895, 1021.405, 128.431
816.885, 1045.114, 169.883
1113.540, 138.861, 225.411
732.477, 953.473, 222.157
1397.424, 73.193, 66.512
1694.236, 229.570, 65.370
381.712, 843.275, 69.511
744.287, 110.405, 190.382
1565.564, 486.414, 50.083
1246.836, 443.922, 61.838
96.937, 1000.185, 185.345
1305.923, 561.814, 78.141
960.349, 68.732, 106.648
1264.783, 495.535, 229.881
1278.026, 243.094, 204.969
655.094, 291.811, 49.405
1709.336, 1013.564, 185.580
254.047, 688.496, 38.116
1641.778, 599.099, 213.288
1627.050, 685.315, 22.935
768.935, 653.039, 218.162
1416.444, 1048.210, 160.699
929.300, 8.419, 101.898
1790.915, 603.729, 145.396
463.408, 8.513, 71.377
753.632, 1076.632, 182.160
362.757, 683.741, 192.835
1087.958, 319.680, 177.454
1413.311, 499.075, 117.245
849.079, 464.994, 104.146
599.116, 476.937, 108.471
470.132, 1070.599, 117.919
1822.141, 398.235, 27.731
688.112, 86.447, 170.240
923.401, 263.881, 147.036
809.906, 323.094, 238.761
1196.153, 769.155, 59.620
1503.551, 676.557, 197.786
1622.123, 81.215, 43.216
828.645, 286.010, 128.618
287.427, 201.254, 196.397
557.993, 90.461, 222.473
52.590, 453.523, 199.191
1007.728, 967.940, 100.733
606.685, 611.044, 146.663
587.949, 668.590, 75.589
1013.829, 787.221, 125.240
1556.420, 927.571, 25.723
562.591, 249.243, 155.774
737.827, 667.393, 69.390
1118.871, 500.313, 112.457
232.857, 911.454, 102.819
1289.431, 693.271, 170.914
1827.451, 611.578, 68.374
1777.350, 497.107, 112.202
0.537, 291.594, 155.957
1309.554, 688.565, 247.908
336.316, 29.496, 95.393
416.233, 674.783, 136.808
1648.921, 136.639, 221.494
1255.759, 11.873, 105.072
936.916, 99.830, 173.189
1035.606, 760.024, 87.682
1399.569, 15.005, 161.347
281.711, 488.196, 212.096
1584.607, 1014.112, 76.537
722.255, 379.589, 135.736
1127.308, 781.914, 172.144
903.257, 287.700, 44.256
33.593, 425.859, 165.871
445.899, 454.790, 99.115
699.596, 648.326, 34.846
1348.118, 1048.283, 229.961
1038.372, 633.109, 146.416
735.740, 622.641, 115.749
1173.431, 671.423, 172.733
915.259, 389.578, 157.749
533.108, 694.676, 183.881
1768.657, 332.532, 193.827
530.393, 663.730, 108.739
517.200, 444.581, 65.410
80.876, 475.076, 191.131
1429.819, 630.843, 225.472
859.280, 587.520, 173.816
1176.422, 947.754, 221.243
53.081, 601.512, 113.956
1559.272, 286.273, 161.083
806.589, 35.525, 35.154
1857.890, 548.960, 115.674
1269.618, 664.890, 66.161
654.119, 917.616, 213.063
1636.930, 90.353, 209.352
520.291, 837.174, 234.040
1806.639, 530.746, 147.274
504.494, 628.177, 105.107
892.169, 625.575, 232.867
928.700, 348.060, 98.328
1872.215, 418.468, 176.669
1199.044, 874.446, 211.855
1225.183, 933.645, 218.913
1031.357, 967.309, 48.109
1297.359, 411.634, 54.644
1230.059, 444.843, 92.347
452.527, 441.092, 29.065
1381.343, 1041.271, 246.269
650.260, 898.548, 23.331
1489.238, 135.558, 22.444
254.267, 487.414, 74.852
1919.297, 934.316, 176.838
1056.648, 410.474, 54.705
489.871, 855.615, 100.631
480.025, 640.890, 90.160
1647.279, 768.514, 29.973
421.941, 972.824, 64.640
1576.785, 779.326, 163.962
1593.887, 789.917, 232.293
217.194, 261.877, 168.896
1597.264, 191.647, 243.819
5.392, 884.932, 199.656
327.059, 695.756, 153.992
1022.708, 330.388, 124.325
606.397, 655.002, 80.382
230.223, 108.761, 27.566
800.376, 862.005, 84.262
1095.667, 509.411, 200.996
1511.462, 889.285, 163.088
474.601, 514.809, 84.557
380.031, 543.986, 35.868
1126.831, 464.056, 156.894
704.975, 479.920, 190.745
1437.824, 575.219, 72.047
619.181, 736.983, 131.329
1278.319, 417.994, 82.467
28.881, 789.710, 180.129
1465.286, 28.914, 241.060
528.391, 700.215, 77.176
818.129, 907.563, 113.747
26.896, 454.899, 140.927
1066.223, 414.558, 179.300
211.023, 911.508, 127.157
25.358, 186.297, 214.988
1125.672, 942.518, 169.690
861.006, 13.756, 126.074
296.481, 967.760, 72.821
1230.569, 469.565, 32.308
290.537, 999.516, 116.476
915.604, 1051.907, 242.777
1410.592, 17.064, 95.644
658.047, 371.969, 118.729
1690.336, 294.914, 189.757
110.453, 447.418, 191.394
1765.048, 589.853, 186.325
1178.771, 862.928, 239.235
211.908, 131.190, 124.097
1554.891, 114.833, 23.622
1607.912, 296.270, 198.669
444.839, 970.308, 68.573
675.281, 204.402, 235.981
503.355, 309.401, 240.479
1790.886, 1011.858, 187.548
1438.766, 153.053, 37.331
1852.683, 804.266, 69.192
156.146, 868.164, 116.227
20.286, 378.776, 199.200
1651.771, 841.475, 142.270
1112.267, 117.564, 59.022
267.334, 275.073, 145.528
408.775, 446.598, 139.896
350.225, 469.170, 116.688
1370.092, 465.235, 231.918
1682.288, 498.900, 144.393
1813.364, 489.988, 73.732
1575.696, 701.533, 110.522
1133.382, 380.009, 93.856
429.058, 995.958, 169.295
89.865, 501.640, 219.335
490.147, 443.881, 177.497
1439.282, 736.463, 157.797
1316.089, 532.182, 20.983
1628.735, 71.262, 190.806
1634.184, 670.529, 22.231
1120.317, 609.172, 196.692
685.574, 352.893, 183.803
452.201, 754.510, 42.692
1279.693, 67.322, 50.467
350.832, 577.353, 31.866
494.814, 265.147, 97.151
1455.930, 478.944, 248.818
392.835, 73.492, 242.468
1699.976, 285.535, 154.976
474.316, 446.870, 191.791
500.700, 257.309, 107.438
1745.157, 1039.161, 223.178
1309.832, 57.445, 199.439
613.818, 662.062, 48.267
1005.131, 752.207, 200.205
131.594, 808.244, 95.341
569.286, 589.353, 211.864
1443.296, 244.131, 208.973
951.705, 184.305, 22.241
771.130, 492.317, 111.245
990.551, 474.945, 22.703
107.784, 706.085, 35.448
877.883, 886.764, 42.916
1884.816, 426.250, 145.540
220.794, 743.959, 197.420
1443.175, 474.537, 81.490
1737.012, 268.920, 121.183
1631.246, 759.145, 118.363
711.069, 660.673, 187.261
1006.991, 148.976, 21.245
392.173, 192.770, 197.890
426.420, 338.828, 162.576
765.469, 342.823, 122.672
1822.807, 366.952, 43.791
58.811, 1003.583, 143.726
1425.722, 299.550, 121.101
239.677, 67.299, 223.306
1104.023, 845.255, 62.702
1829.299, 673.461, 157.716
717.364, 365.273, 132.249
990.081, 650.163, 192.282
132.108, 443.661, 128.364
1553.216, 4.418, 86.790
465.835, 1018.539, 110.838
565.378, 99.342, 92.809
1222.057, 1010.098, 94.683
1238.140, 101.176, 213.390
538.052, 823.740, 103.079
264.110, 822.547, 66.557
1084.002, 753.260, 110.687
1745.013, 472.095, 132.033
113.613, 114.357, 142.284
1811.431, 1042.825, 92.105
1733.272, 140.877, 36.136
1475.819, 43.940, 89.193
667.512, 161.277, 176.915
576.184, 865.234, 124.951
1716.737, 382.579, 172.384
1348.373, 458.185, 51.399
884.819, 987.458, 198.905
849.774, 1013.583, 248.669
1844.088, 576.686, 107.016
1368.279, 260.277, 139.191
640.259, 1054.328, 207.461
1229.207, 505.334, 45.104
82.113, 237.235, 97.693
1428.510, 756.935, 103.879
169.429, 947.163, 173.678
190.817, 390.631, 29.748
861.278, 264.062, 164.322
761.190, 235.245, 245.430
246.895, 100.490, 52.199
1869.155, 235.052, 40.144
208.665, 698.783, 74.037
560.355, 280.037, 212.602
876.460, 196.749, 111.606
452.580, 917.176, 247.094
576.006, 549.738, 246.755
1899.598, 678.992, 246.613
396.249, 592.958, 131.963
1079.765, 210.399, 100.268
1034.125, 979.719, 98.932
917.352, 759.320, 109.791
1481.755, 601.028, 185.660
426.097, 901.684, 241.224
495.827, 971.027, 120.242
1667.089, 513.955, 53.208
1537.884, 214.343, 212.871
1501.407, 1036.469, 128.158
1162.446, 498.475, 161.301
1913.039, 407.261, 196.399
1449.857, 279.823, 64.642
1648.461, 168.762, 160.102
977.997, 936.670, 227.506
574.235, 726.513, 31.903
60.302, 837.570, 207.284
1629.051, 528.109, 37.587
1154.695, 487.105, 48.874
690.194, 681.232, 79.341
931.125, 243.224, 26.905
267.784, 530.231, 51.206
293.106, 190.112, 74.276
1781.197, 850.486, 26.837
1780.540, 806.744, 248.927
1273.519, 890.852, 214.640
918.836, 925.442, 46.384
1088.742, 757.342, 91.757
660.657, 177.319, 175.228
62.837, 1068.120, 154.617
933.802, 796.882, 243.324
538.893, 811.434, 77.840
1676.546, 52.567, 149.642
954.066, 630.656, 128.866
1346.288, 447.907, 187.353
710.047, 707.506, 88.119
315.029, 395.108, 210.214
971.677, 544.324, 155.054
252.747, 478.901, 149.759
848.495, 477.999, 199.972
1149.201, 18.485, 147.979
1834.645, 466.693, 134.581
195.028, 374.882, 200.795
742.086, 484.934, 218.070
564.288, 726.587, 92.116
788.100, 879.861, 176.072
751.933, 802.803, 31.867
667.685, 319.360, 98.830
96.730, 956.643, 47.995
1082.198, 755.679, 54.279
1021.886, 373.910, 87.958
1346.526, 607.185, 119.224
1351.284, 26.900, 166.483
1448.540, 751.807, 111.991
1892.475, 931.133, 122.633
133.775, 268.903, 73.680
183.622, 627.283, 39.658
1884.489, 936.969, 31.410
443.942, 682.325, 66.400
1027.377, 677.885, 171.406
1790.283, 280.193, 190.054
1597.333, 463.606, 184.660
1554.625, 461.786, 42.441
20.171, 175.693, 89.674
373.018, 33.408, 149.973
318.950, 785.843, 196.160
1135.455, 779.763, 160.488
1134.018, 1032.513, 185.012
558.906, 934.351, 146.066
494.896, 619.130, 70.517
30.978, 355.727, 145.468
599.661, 303.489, 36.593
421.545, 288.819, 189.990
1655.049, 782.581, 65.044
1305.408, 21.943, 160.133
605.219, 1002.911, 229.718
48.167, 1025.688, 129.791
1184.589, 138.111, 222.167
1319.546, 521.534, 86.368
775.623, 130.553, 77.256
1577.618, 196.354, 113.885
1086.090, 461.827, 51.325
1570.392, 1074.258, 236.065
220.423, 287.083, 196.567
734.464, 1072.344, 130.807
1392.438, 303.519, 188.184
400.004, 861.073, 37.234
181.841, 375.776, 241.346
69.373, 437.019, 122.031
1038.934, 386.752, 120.178
986.871, 133.855, 65.674
782.045, 707.982, 224.882
1332.979, 816.802, 187.676
332.591, 378.987, 61.116
1905.622, 1028.280, 68.213
92.288, 176.993, 221.653
148.678, 378.869, 189.207
1417.675, 427.820, 116.056
72.480, 694.762, 149.902
76.493, 79.835, 78.139
848.595, 1077.319, 31.478
106.662, 439.047, 102.370
1293.580, 344.061, 206.420
687.041, 986.549, 22.559
458.059, 423.494, 233.430
1096.290, 645.737, 238.292
1563.372, 407.441, 221.201
337.058, 259.051, 122.323
1542.195, 547.954, 199.967
1117.028, 91.233, 129.266
12.954, 697.269, 143.878
790.588, 618.233, 201.184
926.309, 274.006, 81.658
110.249, 212.773, 192.256
1043.379, 115.349, 38.254
1395.363, 1012.628, 194.620
292.400, 732.641, 179.630
629.880, 22.812, 168.727
1153.192, 366.026, 182.553
168.035, 5.672, 71.394
1163.458, 688.628, 206.629
394.898, 562.910, 108.358
729.807, 911.899, 113.285
1800.631, 599.795, 229.919
1273.169, 295.934, 165.506
140.124, 748.020, 134.772
1131.093, 841.020, 130.927
753.465, 991.541, 47.937
14.081, 391.286, 219.762
1844.665, 112.263, 211.823
682.251, 631.300, 122.877
940.708, 489.629, 212.111
775.096, 471.110, 89.279
931.410, 885.993, 145.099
417.266, 79.892, 51.906
1528.411, 918.988, 39.081
678.610, 40.560, 171.575
1540.364, 291.350, 234.911
805.521, 146.560, 41.097
809.573, 500.572, 213.540
800.913, 552.466, 55.410
300.283, 204.035, 135.384
1112.895, 855.133, 204.891
1151.843, 560.754, 63.063
29.765, 588.393, 72.595
1096.995, 389.063, 71.188
929.746, 306.105, 209.425
1055.315, 826.798, 123.070
642.525, 254.308, 28.423
463.770, 939.553, 45.614
1037.459, 320.513, 207.375
739.729, 459.849, 160.305
101.666, 301.370, 77.523
741.926, 462.997, 157.426
87.352, 39.868, 157.389
1751.646, 621.053, 151.145
298.529, 115.674, 25.970
603.917, 1050.366, 177.972
1731.857, 228.103, 156.367
1621.241, 37.380, 185.902
1858.948, 833.948, 123.585
1848.583, 394.993, 94.379
1783.086, 628.799, 214.393
649.319, 611.130, 194.832
710.139, 790.372, 134.454
1729.518, 906.166, 100.752
431.719, 307.768, 54.173
1051.385, 497.326, 77.917
412.385, 708.277, 187.093
26.583, 739.736, 128.677
54.474, 9.983, 100.915
1417.341, 123.657, 37.767
1538.947, 101.158, 71.121
1297.471, 310.138, 40.782
1383.791, 848.191, 175.787
1411.481, 340.016, 192.444
353.119, 458.493, 49.504
811.605, 54.702, 75.140
1156.249, 49.181, 95.659
456.050, 145.056, 228.336
1253.637, 210.295, 145.011
1078.485, 891.600, 225.439
1789.671, 378.917, 122.767
1578.448, 678.837, 63.879
962.403, 324.802, 165.698
1457.107, 358.585, 116.898
1622.808, 142.520, 150.846
961.628, 683.572, 142.929
1374.549, 987.681, 143.005
1839.063, 590.313, 93.845
988.468, 1023.078, 117.814
424.984, 900.597, 181.830
261.702, 741.791, 246.020
1680.656, 486.271, 202.966
1665.229, 483.579, 188.142
1558.862, 278.621, 163.816
1061.161, 894.230, 237.807
1302.712, 635.881, 71.581
426.206, 578.295, 127.292
1266.290, 488.382, 139.164
1492.666, 1057.761, 83.530
844.402, 319.317, 237.544
1469.322, 622.594, 198.185
962.761, 456.472, 22.345
1736.768, 1029.357, 226.350
1915.982, 770.889, 184.011
771.978, 234.625, 100.272
596.432, 1055.666, 172.392
1619.793, 683.847, 161.141
791.680, 747.384, 197.485
157.413, 257.867, 40.251
903.070, 822.339, 182.194
1884.098, 539.694, 94.062
261.084, 1071.667, 235.002
1448.530, 423.540, 32.998
1292.978, 331.770, 117.076
890.925, 577.328, 129.209
588.516, 1016.535, 86.993
1161.948, 702.360, 146.032
28.766, 1042.924, 222.103
401.286, 762.628, 123.910
1808.032, 237.058, 209.597
1861.067, 655.361, 106.848
223.757, 192.148, 129.902
785.946, 952.858, 36.628
1090.853, 535.391, 244.120
172.272, 323.360, 98.654
144.377, 218.822, 58.045
1155.217, 425.267, 102.364
1472.635, 576.093, 182.525
1599.155, 427.195, 167.041
1482.989, 1038.146, 147.939
1221.903, 58.730, 27.783
135.007, 138.879, 52.561
978.473, 390.073, 32.135
845.189, 93.837, 95.096
454.062, 506.358, 226.150
844.092, 54.759, 227.933
1503.174, 181.936, 107.999
1842.752, 1059.501, 67.817
1646.722, 693.220, 71.181
915.931, 193.888, 101.905
700.383, 442.615, 114.154
478.554, 78.904, 210.828
218.206, 683.556, 157.682
1564.008, 898.275, 150.686
645.113, 825.665, 60.432
1422.911, 132.637, 138.649
94.865, 554.583, 233.870
1131.941, 777.029, 233.519
820.319, 1064.879, 115.016
1343.837, 622.330, 74.207
1594.722, 855.883, 28.097
814.269, 1053.709, 201.662
1898.185, 730.598, 39.739
1327.011, 756.857, 123.663
489.526, 175.117, 83.890
1351.917, 46.039, 98.978
1040.525, 149.307, 126.032
987.392, 547.530, 28.844
1883.175, 264.953, 204.179
1473.103, 218.723, 202.985
835.890, 646.054, 65.669
130.190, 975.936, 144.051
1817.072, 307.030, 71.432
1347.734, 505.557, 174.779
917.850, 121.419, 186.132
1626.204, 159.422, 238.738
386.254, 93.338, 63.969
660.459, 532.514, 124.767
918.206, 595.384, 156.143
1293.106, 28.417, 112.626
1319.469, 877.333, 25.475
189.143, 52.905, 68.306
1652.089, 82.435, 141.182
624.311, 263.873, 26.222
603.214, 369.938, 25.944
494.208, 161.199, 237.567
1186.293, 6.666, 201.197
1000.634, 323.401, 117.990
1086.431, 715.143, 27.944
540.911, 776.968, 99.536
443.476, 168.415, 232.969
1101.451, 260.651, 167.210
612.535, 411.150, 229.488
565.483, 227.028, 248.261
1066.885, 752.737, 100.136
581.858, 561.982, 202.029
1202.962, 707.013, 94.036
891.977, 323.064, 133.943
1257.000, 780.168, 189.171
1012.174, 515.300, 145.922
1497.876, 1060.346, 80.477
1525.405, 182.184, 172.054
1582.127, 322.351, 143.121
1120.945, 614.542, 110.532
1340.304, 343.577, 112.595
647.943, 724.593, 186.813
37.963, 28.335, 150.900
47.280, 905.443, 24.493
485.165, 649.777, 76.938
1589.609, 340.554, 138.398
1193.393, 946.554, 134.858
664.267, 1056.276, 217.663
10.337, 180.834, 122.579
1866.387, 420.790, 108.911
586.992, 353.913, 116.171
1466.992, 556.727, 109.907
912.848, 682.204, 145.300
1878.816, 601.378, 225.556
1247.236, 561.054, 149.067
462.074, 164.831, 246.710
305.326, 1066.571, 152.444
369.472, 576.331, 196.713
465.791, 856.052, 141.454
856.322, 927.049, 223.637
1759.933, 998.682, 101.630
683.259, 911.763, 206.674
907.064, 465.373, 200.442
1307.334, 212.679, 58.002
1259.304, 407.263, 150.315
798.263, 678.796, 208.812
370.930, 1052.210, 46.616
1777.961, 227.480, 23.716
227.773, 2.307, 68.558
567.604, 153.616, 204.680
869.549, 283.764, 83.232
131.602, 976.455, 119.337
1505.601, 582.951, 132.342
297.173, 845.010, 66.032
310.423, 730.156, 66.814
1391.232, 144.399, 55.783
1002.101, 570.689, 226.775
1692.456, 372.426, 23.499
784.517, 1044.969, 64.128
765.486, 336.388, 218.842
1675.692, 509.903, 83.984
308.823, 1060.697, 63.944
96.091, 1037.357, 241.371
973.351, 981.253, 143.873
111.383, 671.793, 55.731
1623.892, 276.672, 129.335
866.138, 225.195, 244.117
743.849, 588.719, 226.768
1837.328, 429.347, 162.084
1422.759, 201.333, 49.698
952.442, 356.598, 149.492
350.317, 769.917, 225.452
1281.482, 384.862, 244.726
945.535, 388.025, 57.184
55.778, 865.330, 98.598
997.186, 735.178, 246.292
372.775, 116.907, 230.557
1377.994, 259.484, 55.185
1772.301, 76.749, 205.752
292.337, 419.104, 157.402
847.719, 572.729, 242.208
229.021, 390.450, 103.688
694.224, 217.769, 105.087
1197.995, 248.965, 42.437
190.687, 501.903, 108.072
1652.710, 692.944, 227.059
1084.948, 961.975, 47.220
394.499, 453.847, 25.788
1262.127, 341.312, 228.646
479.185, 567.848, 166.452
1042.375, 769.326, 240.329
551.542, 601.648, 175.154
1520.511, 944.452, 162.378
345.067, 254.453, 100.605
588.104, 806.316, 57.401
1095.274, 559.684, 98.820
436.589, 652.145, 246.758
626.080, 554.509, 61.826
967.446, 410.294, 230.883
1037.595, 962.561, 120.397
1751.130, 267.599, 79.917
182.381, 130.373, 23.085
1138.696, 403.714, 38.038
1546.905, 803.263, 94.931
379.118, 1040.319, 249.367
637.266, 532.325, 241.926
1713.769, 778.660, 175.043
149.871, 313.569, 130.333
1318.678, 994.184, 141.305
452.000, 478.103, 66.192
97.915, 923.565, 33.633
1216.290, 93.821, 121.474
591.063, 772.698, 157.767
1238.783, 227.990, 33.977
788.513, 610.638, 231.990
1569.955, 1057.402, 66.381
1354.206, 807.548, 130.706
563.946, 367.108, 31.677
1754.844, 201.344, 96.693
1351.717, 871.315, 203.873
1301.252, 713.900, 183.518
466.735, 72.839, 110.851
278.706, 493.159, 91.402
795.819, 369.631, 229.113
1488.639, 358.047, 176.544
1675.480, 532.695, 172.420
528.616, 155.496, 234.273
631.422, 267.558, 227.546
1534.732, 586.771, 95.392
1762.902, 707.223, 83.820
1610.775, 234.178, 34.089
1470.939, 107.171, 35.788
1169.474, 1048.821, 197.983
145.818, 150.618, 84.908
920.941, 196.946, 50.604
1331.724, 1050.782, 161.814
252.774, 247.215, 196.916
785.513, 931.018, 139.538
558.240, 470.704, 160.358
464.341, 743.078, 147.573
375.644, 393.217, 57.697
510.154, 204.340, 155.419
725.597, 522.582, 142.782
1267.880, 103.915, 37.634
408.659, 409.677, 179.557
1390.330, 104.020, 210.611
497.754, 313.201, 55.228
52.296, 430.762, 245.563
617.038, 422.614, 193.323
1806.174, 794.263, 106.721
426.945, 1050.525, 147.358
1374.724, 310.764, 206.835
169.308, 290.869, 126.294
1131.061, 302.827, 46.913
1017.945, 976.035, 117.536
1214.159, 508.101, 69.704
1673.610, 436.422, 130.221
579.962, 848.323, 155.144
1827.782, 302.389, 73.902
784.434, 144.399, 207.764
1808.883, 255.094, 77.986
1806.777, 886.013, 37.233
772.311, 183.805, 225.146
48.617, 430.122, 129.718
81.436, 15.445, 72.278
585.869, 943.063, 82.110
1311.674, 518.083, 230.869
166.268, 456.121, 229.825
232.010, 906.943, 167.396
54.411, 21.449, 218.608
1872.004, 213.626, 202.426
1160.146, 1075.734, 71.092
501.457, 801.356, 245.132
1250.015, 41.225, 22.320
765.669, 561.085, 20.549
1844.142, 194.048, 97.839
975.198, 58.788, 136.240
210.352, 702.011, 121.729
1602.260, 69.671, 134.384
1070.738, 865.731, 41.624
155.358, 938.494, 124.758
663.655, 567.368, 149.163
1472.402, 596.151, 150.517
1379.240, 866.237, 140.412
586.354, 125.838, 91.274
1819.795, 502.612, 173.596
924.302, 636.909, 25.357
1668.575, 633.882, 149.040
1796.285, 764.279, 184.841
1355.860, 97.550, 246.556
1694.340, 1052.685, 187.789
1567.334, 235.054, 163.919
1446.631, 615.045, 68.538
159.088, 177.552, 195.594
428.410, 589.845, 246.786
1055.394, 165.028, 59.186
50.641, 926.254, 189.951
259.417, 957.255, 105.942
1438.932, 228.737, 210.861
1566.775, 618.574, 165.244
159.073, 939.271, 22.539
968.456, 290.805, 193.113
1332.083, 74.048, 172.681
919.155, 472.152, 203.693
1570.600, 1005.955, 108.602
835.112, 754.917, 108.504
1660.972, 610.113, 46.945
742.729, 260.564, 196.940
1898.937, 1076.350, 101.780
410.941, 706.990, 72.345
1064.346, 541.537, 22.095
1208.713, 1004.765, 122.402
1741.315, 32.957, 22.934
1651.851, 285.999, 79.231
1059.686, 364.691, 72.822
1108.658, 846.544, 122.053
1586.033, 1016.029, 145.181
1822.449, 658.401, 157.046
816.082, 371.264, 194.916
211.284, 621.383, 38.992
85.859, 662.551, 199.049
61.292, 56.677, 117.237
524.831, 1073.587, 152.838
443.080, 615.187, 71.407
228.804, 652.673, 61.461
836.819, 623.090, 179.359
875.360, 666.563, 164.141
901.900, 300.892, 78.978
1170.405, 47.159, 216.174
1408.384, 737.302, 63.061
1581.347, 154.390, 84.602
138.838, 640.710, 179.556
722.362, 725.908, 169.590
1395.562, 211.657, 248.888
466.221, 443.205, 128.793
1153.945, 238.889, 32.559
1259.058, 210.759, 112.734
783.763, 967.439, 176.451
904.334, 235.244, 53.199
127.183, 726.234, 141.798
1670.796, 371.392, 216.675
755.488, 741.042, 190.903
1110.524, 823.412, 109.789
1719.328, 611.369, 230.201
755.691, 71.922, 37.597
444.402, 162.837, 212.707
386.308, 245.246, 31.772
324.960, 903.235, 101.036
1408.149, 1059.297, 58.811
1035.233, 44.415, 220.753
1470.999, 944.554, 108.248
804.395, 315.881, 183.576
424.359, 919.011, 107.625
1238.207, 1059.134, 195.175
152.558, 958.273, 150.849
758.037, 147.289, 217.338
1308.525, 159.952, 173.383
1109.208, 1062.772, 99.237
1311.045, 401.616, 178.176
723.708, 644.033, 230.623
1209.577, 767.091, 235.093
1753.963, 1042.464, 248.328
246.930, 890.813, 87.050
1602.993, 821.657, 116.406
990.088, 465.589, 36.146
620.497, 524.192, 33.943
703.037, 756.768, 57.825
1509.775, 545.268, 73.633
995.285, 244.606, 169.161
874.510, 706.204, 179.845
658.829, 337.398, 203.367
1521.533, 168.388, 219.897
527.381, 362.926, 173.662
346.470, 279.123, 117.717
1331.402, 499.262, 143.920
447.839, 89.399, 181.494
809.625, 842.499, 241.454
1833.534, 945.912, 29.396
55.735, 328.330, 50.229
501.987, 175.301, 153.521
1225.638, 1075.524, 148.719
60.037, 798.946, 58.922
1473.392, 674.870, 110.889
326.979, 549.639, 186.784
1032.269, 198.063, 75.750
76.558, 367.149, 152.003
1481.014, 743.904, 243.713
1154.764, 846.437, 63.737
1630.065, 274.665, 122.353
977.238, 519.787, 73.162
1880.555, 523.821, 201.398
1919.793, 506.192, 230.469
597.674, 48.029, 44.853
685.774, 347.541, 206.446
723.261, 852.970, 107.050
10.292, 954.057, 200.856
326.499, 248.535, 181.175
1467.002, 901.598, 221.070
1239.241, 891.357, 217.173
217.822, 82.167, 38.294
847.738, 561.036, 174.197
739.983, 762.351, 216.926
253.372, 262.178, 112.268
495.506, 1058.348, 224.061
548.890, 112.537, 32.498
1408.589, 56.932, 88.444
354.375, 728.374, 150.070
1211.252, 109.636, 208.676
711.687, 716.957, 181.094
184.238, 31.602, 204.969
335.989, 467.079, 83.944
1575.039, 446.438, 171.345
1294.257, 521.894, 199.323
1036.858, 73.006, 225.602
224.457, 775.397, 223.567
1030.666, 349.297, 96.418
943.988, 770.792, 48.021
1106.306, 541.483, 73.358
1912.196, 164.334, 109.113
1101.668, 861.300, 29.627
198.752, 903.712, 107.644
60.579, 110.756, 76.183
671.361, 393.580, 212.266
919.514, 139.492, 159.222
834.525, 548.705, 202.422
1108.695, 60.909, 42.708
1278.729, 805.480, 174.814
897.719, 127.755, 77.798
1755.036, 834.102, 34.651
727.150, 254.666, 30.075
248.319, 937.480, 185.003
788.023, 519.345, 67.857
1354.174, 303.786, 232.814
1502.686, 577.049, 229.357
1281.093, 282.072, 99.522
75.880, 731.785, 51.562
599.451, 262.342, 179.321
365.051, 121.867, 214.719
1626.887, 479.681, 222.675
1651.734, 410.561, 209.809
775.223, 955.993, 227.413
1759.538, 1045.600, 95.126
107.083, 150.117, 95.494
1327.591, 524.535, 20.937
1049.114, 270.663, 231.355
1489.714, 1031.114, 85.175
1873.475, 904.453, 210.909
1822.337, 448.679, 84.063
778.409, 557.452, 201.094
1747.743, 627.347, 31.950
1792.480, 961.834, 228.450
1448.329, 836.543, 128.981
549.275, 361.770, 164.654
179.823, 845.210, 229.538
1893.540, 506.306, 183.334
1806.610, 1040.152, 174.948
113.692, 455.184, 77.234
1195.880, 116.247, 234.468
299.779, 864.056, 163.668
305.321, 734.792, 107.656
1729.798, 979.171, 244.041
786.492, 235.973, 95.791
702.876, 396.311, 193.023
690.766, 315.886, 243.248
599.721, 1022.362, 60.308
76.464, 355.249, 58.345
1166.585, 32.363, 127.976
480.296, 709.816, 155.179
539.242, 96.804, 75.220
1311.448, 411.188, 80.498
686.057, 304.955, 146.601
1186.101, 505.841, 242.805
517.299, 263.876, 137.874
103.183, 497.579, 201.362
706.939, 958.508, 125.776
907.996, 270.253, 152.232
1207.394, 264.505, 104.899
1853.150, 227.030, 25.572
110.400, 876.016, 101.138
74.119, 951.788, 144.561
782.467, 102.702, 112.798
1792.475, 33.133, 126.421
1551.009, 944.882, 61.668
688.404, 596.284, 211.247
1846.143, 355.674, 125.833
370.728, 600.530, 171.511
1531.811, 533.737, 110.753
558.602, 320.933, 128.108
152.080, 871.448, 136.695
1690.387, 466.838, 78.929
897.505, 1062.157, 81.594
1482.286, 373.125, 157.552
686.467, 774.880, 98.046
0.017, 899.232, 71.456
272.737, 1073.053, 192.241
154.420, 909.733, 98.520
1069.457, 471.177, 27.151
1817.751, 79.677, 99.493
1540.202, 552.048, 137.959
1041.531, 586.669, 235.294
1016.997, 71.292, 96.442
1830.827, 410.255, 134.483
507.888, 65.473, 45.497
1584.583, 344.440, 238.492
606.363, 619.621, 172.807
737.416, 162.601, 247.262
877.149, 325.359, 25.887
221.851, 900.619, 169.077
1484.949, 1022.244, 216.526
75.147, 96.370, 219.448
1067.327, 351.233, 147.606
556.021, 489.074, 131.217
1063.603, 951.542, 187.250
1470.999, 354.858, 98.916
1254.166, 252.300, 160.307
230.433, 751.551, 162.350
217.471, 600.140, 129.083
1845.067, 173.289, 192.063
1481.995, 879.772, 71.938
643.063, 335.046, 59.714
538.229, 473.183, 180.632
79.578, 761.378, 101.667
1837.566, 525.095, 173.786
1391.205, 793.189, 247.826
680.762, 929.984, 211.730
227.060, 122.598, 102.369
269.796, 749.262, 104.909
1309.296, 660.999, 201.673
645.086, 681.491, 92.194
1889.043, 110.987, 165.887
1281.313, 623.451, 64.115
641.288, 350.670, 221.584
1844.695, 983.520, 63.346
531.226, 215.552, 155.485
1516.816, 356.064, 111.061
1602.027, 594.417, 107.865
5.803, 615.942, 134.906
142.108, 871.567, 124.910
1865.954, 40.217, 77.728
589.186, 416.951, 42.017
425.428, 766.093, 158.260
868.512, 553.218, 58.278
1139.653, 916.934, 175.200
1273.694, 170.975, 185.056
1162.421, 957.615, 249.490
110.482, 159.885, 57.304
724.925, 806.194, 126.422
1893.227, 66.560, 122.618
1438.569, 48.636, 108.734
225.636, 225.628, 206.236
535.107, 199.178, 134.110
1509.002, 970.642, 152.304
1171.610, 100.213, 208.784
1875.590, 438.503, 151.349
956.074, 125.205, 180.715
306.788, 661.950, 45.285
827.093, 294.647, 23.516
1791.831, 165.364, 158.941
1555.839, 113.220, 96.510
475.174, 58.407, 207.539
1800.346, 352.229, 148.185
954.471, 905.204, 70.621
1202.237, 38.475, 236.295
1522.682, 172.265, 133.483
1711.778, 356.324, 225.794
250.760, 36.459, 73.800
1226.161, 79.017, 189.139
140.140, 497.764, 201.351
349.012, 645.898, 139.909
1678.349, 866.855, 158.550
1574.093, 238.775, 93.757
118.779, 269.616, 194.186
1425.524, 10.003, 239.324
374.664, 1031.134, 218.890
1674.154, 71.022, 178.735
1700.618, 9.181, 181.679
523.992, 208.395, 55.298
321.102, 259.382, 107.687
1319.307, 832.617, 129.475
76.095, 658.817, 73.045
230.865, 444.727, 190.325
342.897, 40.813, 212.093
1200.845, 979.072, 27.321
1051.034, 301.454, 77.964
954.285, 37.472, 120.270
153.779, 834.360, 214.429
1572.652, 573.385, 203.185
775.308, 1006.860, 45.844
83.594, 372.954, 177.524
997.798, 742.508, 56.070
400.867, 47.272, 95.427
75.505, 214.600, 102.165
843.904, 1049.766, 222.716
310.026, 1026.040, 39.079
412.387, 465.642, 181.490
1505.666, 140.211, 63.074
637.740, 120.458, 179.496
1536.161, 402.858, 93.531
1474.501, 560.385, 147.721
226.538, 397.172, 62.679
701.066, 16.574, 122.051
1792.671, 774.509, 150.547
408.659, 744.087, 133.297
1151.849, 414.740, 160.535
455.767, 547.001, 230.761
614.573, 1010.283, 240.754
1849.213, 23.634, 99.682
1640.996, 25.839, 87.239
1256.091, 889.843, 220.667
1697.266, 211.638, 123.054
758.304, 32.224, 150.039
765.392, 787.418, 134.887
922.208, 244.374, 76.998
115.047, 146.667, 34.254
275.122, 356.022, 92.220
68.690, 467.433, 78.088
1434.912, 945.259, 232.247
713.968, 974.793, 103.997
347.902, 179.608, 78.983
615.414, 721.244, 107.124
490.458, 832.434, 173.184
1438.715, 128.023, 195.993
1449.003, 692.469, 70.082
1330.295, 91.145, 118.233
1436.053, 663.671, 198.719
64.955, 110.568, 106.267
1034.139, 366.674, 66.846
466.953, 71.981, 220.558
979.983, 135.980, 108.167
965.249, 224.135, 220.790
1823.321, 504.192, 238.675
350.570, 168.910, 191.136
1804.443, 347.025, 22.650
1114.253, 816.320, 38.742
786.654, 385.682, 46.058
910.162, 1057.032, 113.453
1866.952, 920.288, 143.501
555.564, 641.739, 172.545
225.801, 811.087, 173.375
790.507, 1033.631, 151.982
1888.165, 613.765, 202.465
1018.877, 756.768, 32.690
487.484, 189.477, 193.195
402.517, 207.701, 236.052
1659.735, 631.770, 243.019
75.548, 812.372, 68.874
1659.514, 318.297, 103.985
542.709, 140.897, 48.419
1020.530, 769.939, 130.170
1654.836, 855.673, 245.506
1514.957, 474.691, 81.252
1354.351, 504.584, 248.206
1475.018, 137.544, 127.704
1811.043, 1047.505, 120.887
1382.113, 745.688, 125.391
1496.525, 191.448, 134.608
77.062, 973.557, 66.254
1769.194, 305.824, 28.060
540.340, 460.703, 240.983
112.677, 53.401, 140.417
1886.467, 785.822, 168.593
410.763, 51.140, 75.837
1686.167, 206.345, 152.197
1224.643, 751.658, 140.674
838.109, 1035.547, 126.942
164.311, 447.635, 26.988
1164.021, 908.552, 71.474
1860.690, 460.435, 112.163
1277.957, 23.552, 43.629
1530.870, 406.016, 59.213
1673.189, 1004.760, 75.623
141.445, 312.329, 59.182
1367.028, 1054.179, 203.478
60.691, 270.736, 185.892
1072.508, 736.006, 231.348
1674.320, 64.500, 198.581
1220.982, 349.183, 146.859
390.077, 572.409, 241.300
906.317, 606.899, 227.097
1411.164, 421.431, 227.946
1018.713, 474.682, 137.005
208.451, 341.049, 74.217
1754.582, 25.210, 99.257
333.761, 821.303, 151.747
170.162, 1056.660, 190.527
847.034, 843.161, 53.080
47.827, 701.676, 76.551
1085.648, 313.705, 193.473
1247.347, 70.549, 146.122
705.624, 304.407, 46.937
227.544, 305.375, 143.566
1743.192, 161.016, 229.003
1392.703, 680.587, 138.773
721.026, 970.818, 34.669
1754.104, 81.208, 134.296
666.291, 635.512, 54.734
544.944, 89.275, 231.059
739.566, 260.896, 169.255
280.186, 218.211, 66.909
1427.105, 399.625, 207.438
1533.113, 712.293, 170.967
1910.586, 332.325, 79.574
1295.885, 1008.849, 247.888
1704.533, 442.346, 130.939
92.632, 799.313, 192.951
165.100, 572.890, 61.152
723.965, 143.132, 158.219
138.648, 216.526, 120.529
1448.689, 184.572, 45.894
1364.317, 728.206, 36.797
799.688, 408.145, 150.527
529.687, 606.730, 222.884
351.038, 634.837, 231.935
569.170, 520.851, 243.616
1242.654, 746.922, 201.646
1308.431, 972.324, 147.822
1105.400, 764.279, 31.935
429.324, 902.285, 107.905
1314.715, 769.983, 176.965
919.501, 350.399, 170.132
1480.937, 782.194, 24.617
667.436, 542.740, 228.868
1029.533, 503.724, 69.662
1640.865, 346.788, 69.554
1898.270, 101.321, 228.030
930.286, 613.793, 101.967
49.901, 264.420, 219.957
1288.133, 1015.258, 162.578
864.733, 829.319, 52.753
870.130, 361.256, 185.513
1698.619, 675.810, 82.179
916.631, 123.460, 143.775
989.256, 31.010, 179.471
430.893, 19.757, 149.535
867.056, 610.031, 115.884
1704.172, 249.403, 124.957
954.302, 201.773, 99.983
438.511, 1051.892, 210.614
422.545, 625.345, 129.271
90.626, 179.655, 54.348
68.412, 426.460, 215.298
648.505, 1030.561, 102.742
791.286, 704.097, 77.779
826.969, 1059.900, 22.084
752.450, 149.935, 192.658
1432.824, 251.320, 209.771
1279.756, 636.287, 35.449
1534.509, 692.129, 182.365
1435.012, 1031.041, 194.837
844.107, 870.575, 109.472
1450.710, 737.880, 213.927
443.340, 65.574, 91.293
1692.690, 640.614, 167.507
384.150, 1011.327, 165.203
349.160, 249.662, 211.399
1445.877, 674.396, 131.270
1056.255, 910.341, 78.013
1081.909, 897.608, 93.460
1428.454, 421.681, 125.528
1142.260, 588.963, 51.218
1750.017, 123.444, 200.361
130.388, 1074.405, 242.852
807.548, 187.878, 223.447
942.007, 143.803, 52.508
601.505, 578.632, 167.119
854.164, 440.685, 76.826
686.272, 162.729, 215.713
129.558, 290.538, 238.632
1867.754, 15.229, 174.564
1240.150, 682.954, 210.719
1363.802, 644.007, 166.800
1119.319, 6.835, 56.716
361.256, 911.522, 83.383
1902.714, 585.464, 53.839
130.214, 44.583, 53.201
1782.639, 24.473, 187.670
203.410, 67.880, 41.479
1040.949, 472.368, 99.047
1088.574, 619.093, 53.718
1895.749, 752.619, 92.863
1045.029, 41.808, 224.028
1508.868, 258.417, 126.826
588.494, 389.330, 162.267
946.877, 896.649, 146.225
1736.404, 468.869, 133.785
1570.245, 957.256, 249.058
1352.670, 843.033, 228.574
1543.606, 461.719, 182.046
164.330, 331.116, 222.422
824.542, 919.360, 84.914
401.991, 827.685, 149.032
85.666, 306.603, 107.898
701.786, 489.934, 79.780
1670.620, 848.114, 142.872
1059.340, 119.597, 31.574
734.983, 732.166, 56.530
1418.464, 566.173, 151.863
303.897, 786.417, 219.520
1075.231, 878.791, 57.652
449.904, 207.423, 132.665
59.066, 959.513, 206.650
591.301, 592.150, 73.717
145.445, 497.898, 116.169
1193.811, 770.200, 38.923
185.956, 284.432, 240.488
1697.942, 613.963, 124.746
375.502, 976.456, 30.779
160.821, 367.199, 123.131
302.037, 1026.881, 34.792
1237.099, 325.346, 152.781
243.866, 840.539, 185.700
1063.487, 854.379, 238.939
1144.373, 557.569, 174.813
671.495, 318.106, 30.161
527.516, 207.794, 173.366
1868.405, 917.056, 126.990
374.783, 76.703, 204.365
926.537, 222.353, 175.087
1441.987, 88.095, 159.435
1705.971, 160.934, 167.030
1783.422, 44.960, 136.311
1464.265, 369.049, 78.300
557.896, 313.875, 152.908
293.412, 86.821, 87.544
735.528, 77.569, 157.900
1774.782, 396.166, 201.841
1298.981, 778.930, 129.128
1896.480, 976.976, 89.443
628.595, 113.471, 63.119
994.995, 22.048, 146.269
926.978, 1026.565, 71.693
1215.966, 465.182, 242.931
1909.560, 35.002, 20.241
1636.794, 1029.246, 212.859
237.501, 626.056, 156.971
1835.877, 573.799, 95.861
901.522, 476.109, 95.048
1774.309, 261.746, 70.255
1345.381, 912.158, 128.065
1509.203, 325.936, 148.328
1782.217, 241.093, 41.235
295.686, 385.290, 204.727
1680.820, 399.563, 173.333
448.742, 692.027, 131.805
806.360, 101.181, 226.299
957.946, 959.134, 83.175
666.696, 928.211, 172.713
766.108, 896.536, 149.574
1643.115, 973.015, 82.375
1194.996, 684.023, 46.312
1775.962, 436.476, 118.663
1698.511, 24.756, 78.541
1902.205, 497.607, 178.228
1242.595, 762.171, 139.872
1637.325, 57.868, 35.918
634.647, 354.676, 194.662
380.695, 89.232, 103.006
1645.419, 937.212, 106.201
1727.886, 446.122, 84.164
2.589, 1018.261, 133.936
165.188, 1066.658, 33.895
834.767, 533.806, 158.556
471.337, 880.724, 218.167
1884.445, 297.628, 90.486
102.384, 393.513, 86.827
1908.931, 666.655, 243.425
1886.997, 376.727, 82.164
1368.307, 622.753, 147.019
1368.376, 952.182, 47.782
1434.392, 652.707, 248.663
1691.799, 858.754, 116.779
352.207, 318.611, 108.611
961.130, 138.997, 229.830
1906.705, 8.453, 144.950
1122.594, 898.180, 86.646
514.598, 704.148, 110.949
1641.706, 965.571, 236.980
312.385, 213.303, 218.278
451.150, 290.669, 24.691
423.266, 131.522, 184.325
1757.044, 1041.177, 161.802
583.732, 77.172, 61.710
1168.788, 221.928, 88.169
436.416, 348.706, 74.896
706.530, 106.528, 155.934
1171.610, 402.089, 198.846
1471.817, 667.997, 84.782
1259.142, 462.770, 79.086
1656.912, 822.149, 200.480
289.525, 744.097, 78.219
1676.867, 144.149, 124.392
816.866, 296.329, 22.533
699.706, 857.167, 129.031
682.543, 608.402, 70.404
572.992, 143.364, 221.583
1755.895, 258.355, 45.928
1049.244, 618.910, 102.122
492.176, 766.899, 142.547
1606.855, 1021.088, 37.744
1235.761, 793.105, 94.505
1186.252, 292.769, 161.377
384.750, 753.520, 218.126
1336.448, 839.833, 190.467
408.658, 923.345, 109.233
1823.991, 145.526, 145.239
1879.327, 639.302, 217.349
1630.049, 214.248, 200.500
1325.262, 98.056, 28.629
1759.334, 247.556, 164.822
955.420, 716.419, 22.957
848.288, 266.555, 131.451
1683.993, 927.688, 113.963
1399.239, 958.736, 113.156
1326.198, 44.831, 111.152
3.487, 1054.765, 98.179
1539.875, 669.971, 212.006
775.622, 588.872, 121.406
1175.095, 178.560, 145.753
19.650, 671.431, 215.400
747.255, 835.058, 153.017
1835.158, 666.949, 42.181
1487.205, 749.511, 25.886
716.041, 416.809, 159.188
81.995, 542.446, 52.346
939.440, 236.655, 245.434
1077.842, 78.282, 69.880
740.823, 850.122, 187.637
549.658, 832.977, 75.645
954.995, 462.527, 193.628
22.950, 991.661, 170.697
1286.701, 121.181, 188.394
934.832, 593.360, 151.249
1721.458, 454.017, 199.169
946.924, 287.408, 92.481
1543.195, 749.588, 33.131
1272.659, 383.902, 34.288
143.547, 647.655, 208.809
1435.735, 107.700, 58.109
455.956, 212.574, 84.266
936.474, 994.952, 239.963
169.624, 132.690, 61.631
614.607, 582.801, 229.004
79.122, 577.849, 115.971
1740.573, 100.208, 131.287
1356.883, 629.075, 159.572
1252.065, 287.687, 63.926
460.537, 364.672, 43.459
1248.025, 922.382, 120.376
1727.825, 386.784, 239.352
1867.535, 275.989, 165.502
1573.962, 215.084, 183.221
1492.152, 94.911, 162.053
497.473, 948.205, 129.793
98.902, 689.292, 176.188
760.776, 599.807, 249.487
217.974, 400.487, 246.146
1350.769, 410.867, 157.277
1686.069, 775.406, 169.758
338.214, 260.636, 172.657
1685.846, 809.336, 70.650
1875.302, 611.653, 205.780
1767.787, 447.040, 107.278
5.489, 577.811, 108.175
1281.107, 569.834, 140.357
1703.497, 82.530, 49.385
1149.264, 340.348, 228.289
455.629, 591.452, 74.273
85.457, 256.048, 117.240
1420.525, 982.810, 183.715
1491.927, 1055.967, 126.610
1485.354, 956.727, 194.365
87.495, 884.166, 128.752
35.270, 978.369, 191.897
1716.350, 529.738, 65.884
433.533, 770.571, 103.075
1724.203, 845.397, 217.283
472.183, 643.584, 212.815
9.732, 75.730, 82.712
949.853, 668.698, 155.752
289.986, 75.464, 147.075
1380.348, 957.938, 221.074
39.531, 484.200, 164.928
1684.801, 639.859, 167.374
1687.408, 169.520, 191.796
820.717, 795.290, 192.896
1010.182, 918.532, 27.450
1702.342, 680.866, 77.810
457.338, 852.112, 21.469
1732.593, 918.188, 53.217
849.768, 769.051, 84.550
1367.803, 1017.829, 78.380
346.122, 96.315, 189.845
1482.166, 467.537, 98.918
1596.492, 36.561, 72.072
1307.186, 870.125, 111.678
1195.947, 227.262, 89.635
1475.840, 753.415, 102.588
1851.949, 284.272, 148.966
1328.648, 605.559, 189.184
280.167, 98.025, 169.781
1718.220, 241.090, 200.245
960.081, 846.280, 194.123
1265.065, 235.858, 86.329
217.392, 822.701, 144.789
949.968, 40.066, 194.715
1131.046, 266.518, 88.547
573.534, 905.458, 125.036
1611.866, 384.751, 147.655
889.252, 851.994, 82.305
193.797, 174.769, 52.517
1184.167, 716.364, 138.086
1580.447, 216.653, 204.128
941.496, 925.123, 208.926
1506.890, 317.925, 197.106
524.844, 20.820, 243.922
1495.624, 1017.784, 99.252
968.008, 1074.504, 89.482
1878.258, 30.901, 163.406
1816.937, 484.978, 145.879
245.016, 398.226, 142.093
675.103, 975.877, 220.818
283.931, 568.733, 110.063
789.178, 200.938, 45.965
1265.119, 818.432, 135.326
1082.808, 338.721, 248.484
114.758, 1060.320, 116.300
992.587, 430.481, 105.541
1692.601, 278.805, 241.505
1888.932, 863.061, 239.319
447.889, 180.160, 129.719
70.688, 243.161, 230.707
1727.429, 341.722, 184.014
1242.617, 338.904, 101.218
743.586, 799.444, 155.402
822.822, 628.201, 184.521
238.208, 833.109, 22.695
1591.794, 191.275, 120.121
1432.489, 778.627, 155.460
1037.274, 1074.316, 199.204
1837.858, 544.412, 133.677
328.306, 638.479, 191.714
1455.883, 367.028, 219.247
688.023, 558.750, 149.138
1693.453, 41.488, 211.850
416.826, 937.662, 193.816
271.291, 915.172, 140.030
477.079, 259.301, 193.048
534.963, 682.896, 46.145
1674.578, 590.930, 140.772
1896.153, 1077.562, 20.158
648.782, 906.444, 236.705
1686.610, 704.502, 28.014
629.963, 626.659, 44.401
1371.825, 496.383, 140.494
694.942, 447.054, 71.910
641.353, 905.992, 67.935
1317.810, 283.575, 89.725
1895.718, 412.922, 228.802
1910.836, 236.353, 103.545
962.493, 235.972, 158.906
1277.614, 888.706, 219.655
168.684, 382.346, 105.404
1745.175, 421.345, 50.923
1807.798, 722.966, 129.407
1412.057, 93.309, 95.952
1086.604, 739.373, 146.304
1459.441, 190.966, 219.922
398.640, 690.954, 117.628
1084.474, 215.031, 223.391
606.763, 925.422, 126.709
1092.988, 997.716, 36.386
1714.638, 47.085, 174.401
1261.976, 863.495, 25.821
593.003, 319.338, 202.632
1105.810, 47.722, 66.835
853.804, 52.464, 68.683
928.667, 642.164, 149.692
32.856, 627.369, 224.445
639.690, 824.648, 105.701
280.595, 591.142, 49.526
214.699, 993.975, 206.357
52.090, 239.584, 132.363
1373.639, 663.278, 172.050
876.545, 779.565, 25.591
77.281, 107.960, 83.873
881.596, 107.094, 107.977
557.841, 460.856, 21.580
554.215, 132.044, 51.819
110.463, 222.172, 22.800
203.431, 1072.745, 158.177
850.103, 660.095, 172.442
1191.389, 692.242, 214.454
1336.954, 761.633, 210.900
1129.532, 724.519, 199.588
1431.981, 1012.246, 63.856
387.212, 227.359, 121.487
502.969, 171.464, 83.689
784.067, 192.508, 68.883
1694.160, 416.315, 76.135
661.022, 259.714, 154.503
1712.876, 945.455, 169.312
137.110, 1078.331, 28.924
1840.965, 452.135, 132.358
1064.002, 998.529, 152.445
1281.536, 124.032, 121.976
257.411, 789.757, 159.043
912.934, 557.366, 240.943
238.530, 836.383, 204.367
40.124, 367.368, 82.426
988.975, 433.923, 74.391
481.907, 182.363, 125.348
1364.689, 777.641, 187.290
1915.447, 814.398, 150.577
384.717, 188.732, 137.980
1848.763, 494.495, 163.011
784.673, 314.538, 27.618
970.661, 997.353, 196.584
657.437, 986.900, 160.948
321.250, 648.675, 118.303
1116.902, 721.641, 88.131
470.446, 873.629, 221.066
211.315, 255.521, 47.510
1747.956, 858.100, 54.348
91.239, 487.334, 248.855
651.682, 74.181, 218.647
1031.186, 422.420, 162.461
707.064, 388.737, 74.474
192.404, 68.413, 154.133
1708.238, 1005.203, 226.869
1080.698, 984.557, 63.020
810.419, 482.291, 31.637
1066.747, 612.981, 61.709
1177.343, 149.040, 176.482
215.343, 213.133, 149.738
506.914, 333.994, 138.818
464.873, 839.387, 74.160
953.594, 907.079, 198.667
1075.810, 335.681, 155.653
1187.160, 384.541, 154.875
879.719, 470.647, 112.553
1214.165, 989.222, 67.698
425.131, 79.361, 246.235
877.025, 514.779, 235.734
209.598, 31.085, 181.339
1317.207, 1079.464, 115.919
1766.242, 1028.588, 88.584
195.259, 251.554, 88.492
1826.537, 354.861, 214.745
1320.667, 973.520, 54.981
173.833, 188.198, 90.576
908.700, 1011.614, 24.045
44.691, 399.336, 37.021
1648.957, 897.993, 198.108
940.453, 1068.931, 105.372
563.547, 872.252, 230.717
181.813, 812.849, 246.850
114.851, 378.373, 216.281
1097.349, 318.130, 77.885
452.048, 911.091, 23.026
202.845, 942.037, 102.481
413.424, 645.249, 66.528
448.996, 1032.413, 60.090
1323.774, 649.325, 106.763
357.209, 266.418, 212.934
1303.229, 274.103, 108.809
1067.553, 92.324, 230.870
1497.009, 475.770, 51.874
1763.415, 249.227, 187.938
98.319, 473.003, 168.162
367.423, 489.707, 28.703
1430.400, 327.477, 89.191
893.715, 422.775, 157.447
5.293, 674.180, 129.311
789.728, 467.258, 183.462
1058.041, 143.292, 48.350
1187.547, 159.388, 76.412
1406.810, 614.072, 220.342
667.812, 575.707, 218.595
1745.184, 913.021, 43.432
1106.387, 283.635, 82.716
1332.426, 516.818, 161.346
96.048, 701.061, 120.925
1353.165, 395.420, 185.973
1901.209, 35.202, 221.636
927.505, 1032.470, 201.934
1343.983, 663.569, 224.711
670.100, 617.571, 214.272
218.358, 801.306, 28.977
939.534, 751.799, 188.547
353.618, 45.761, 119.074
1394.236, 505.336, 189.624
291.991, 819.285, 87.728
393.974, 97.705, 158.206
1826.997, 990.500, 164.836
793.861, 42.329, 63.776
31.529, 913.670, 225.924
302.406, 630.808, 142.375
1566.233, 1035.841, 201.354
600.248, 351.662, 193.079
115.198, 296.362, 111.682
1549.277, 373.877, 77.114
1651.431, 1016.671, 140.992
1737.805, 95.073, 244.516
1829.507, 381.171, 214.574
1728.134, 289.720, 188.340
1919.360, 772.491, 208.128
888.466, 149.595, 195.176
459.265, 704.643, 230.036
514.859, 691.617, 180.988
1196.723, 352.286, 61.535
799.471, 893.065, 197.819
790.430, 470.466, 174.363
1667.781, 821.460, 223.326
991.846, 707.959, 45.162
1776.021, 205.281, 188.746
712.824, 17.437, 112.147
943.594, 110.827, 235.000
643.653, 509.344, 33.891
1576.161, 827.907, 47.257
1325.098, 713.073, 149.531
371.459, 670.830, 34.211
452.239, 587.359, 136.858
1858.857, 237.535, 218.172
616.950, 8.830, 44.298
1283.684, 57.238, 126.204
120.444, 971.107, 166.607
727.956, 787.276, 195.217
48.676, 450.490, 208.714
200.355, 275.749, 245.375
311.384, 719.731, 138.974
567.660, 123.406, 73.582
690.490, 468.567, 129.600
761.378, 24.765, 41.510
1285.258, 483.896, 154.857
1618.131, 685.475, 135.915
1102.462, 584.787, 127.402
199.305, 205.488, 59.085
1720.689, 651.487, 238.925
979.844, 667.945, 175.612
934.122, 563.983, 120.586
543.003, 552.424, 129.215
1666.218, 649.604, 75.101
1764.237, 778.839, 126.696
1260.661, 717.732, 95.488
15.077, 212.856, 240.489
149.397, 982.098, 216.967
1299.668, 177.921, 65.581
1253.367, 464.826, 70.954
1019.773, 505.223, 150.012
1204.518, 339.521, 180.282
1693.937, 885.789, 204.885
875.684, 1068.069, 221.161
739.852, 826.381, 137.175
733.513, 258.633, 45.725
1513.881, 297.119, 148.198
237.804, 371.752, 168.469
1549.895, 1014.103, 221.938
1415.842, 805.810, 157.451
1786.695, 54.862, 143.352
1685.601, 229.657, 150.018
961.457, 991.558, 143.977
1900.042, 76.769, 83.372
517.130, 701.242, 173.154
1656.449, 720.897, 36.333
1379.611, 975.650, 145.093
198.236, 1053.439, 151.671
1841.849, 877.769, 225.980
46.877, 1022.853, 53.432
1109.478, 608.069, 34.467
988.783, 911.229, 237.863
1357.508, 753.769, 81.822
1352.724, 628.104, 132.794
1355.118, 808.922, 209.791
1891.328, 1075.585, 233.108
1835.854, 225.320, 249.445
910.795, 125.628, 123.921
178.110, 996.381, 86.125
249.063, 372.378, 29.811
779.576, 757.038, 204.441
1485.290, 803.247, 193.460
960.157, 864.201, 99.989
269.697, 528.735, 162.096
653.027, 670.157, 120.206
1401.561, 68.226, 109.729
202.587, 208.323, 92.114
892.585, 967.637, 229.632
750.595, 976.739, 50.105
484.514, 377.221, 79.006
1713.093, 1016.396, 171.630
1491.617, 326.929, 142.607
139.892, 256.454, 82.911
1265.058, 891.074, 160.367
1708.736, 451.087, 213.846
868.295, 914.947, 105.419
1891.789, 712.204, 47.694
89.160, 389.384, 208.833
1409.533, 365.477, 161.855
865.921, 339.555, 90.970
1033.224, 198.532, 236.349
1491.055, 259.087, 148.236
792.542, 684.380, 55.520
944.588, 671.797, 238.397
144.155, 448.262, 24.401
1373.826, 128.683, 135.800
1640.516, 273.902, 74.197
1080.869, 544.028, 39.979
252.293, 705.284, 26.676
1483.113, 164.731, 117.969
405.100, 693.062, 211.490
369.438, 467.814, 31.040
718.902, 853.390, 44.868
1626.907, 969.994, 37.830
1903.386, 47.367, 61.806
1704.507, 849.363, 214.028
38.825, 411.139, 194.724
827.470, 726.056, 106.462
110.642, 1078.959, 74.696
611.764, 942.969, 41.957
531.172, 649.914, 158.932
1887.050, 636.837, 28.019
108.819, 608.622, 129.066
494.096, 87.199, 70.758
1322.829, 805.839, 37.974
317.937, 913.269, 144.695
826.392, 893.082, 202.283
818.321, 667.584, 140.189
76.999, 765.401, 84.747
1729.820, 44.999, 52.321
352.227, 462.259, 124.475
1181.941, 345.752, 169.104
1022.557, 492.957, 100.151
1462.077, 274.035, 184.158
1077.015, 180.117, 180.904
1009.126, 79.675, 26.965
1369.583, 486.424, 208.646
925.934, 73.632, 84.293
1763.984, 556.614, 33.670
1712.023, 17.235, 230.335
652.896, 743.192, 215.168
1340.228, 175.174, 28.894
1261.968, 961.759, 194.381
1213.761, 191.713, 118.053
1074.413, 851.080, 200.174
269.935, 523.988, 224.570
890.112, 776.840, 128.508
493.855, 160.716, 45.451
1557.975, 219.492, 24.997
1799.231, 32.273, 237.975
807.625, 282.212, 162.700
1557.039, 976.439, 42.623
250.872, 910.975, 156.630
204.744, 159.543, 188.529
1360.509, 338.291, 96.723
1174.381, 961.092, 77.805
181.792, 832.416, 179.786
259.308, 911.396, 169.477
567.471, 210.562, 75.517
203.801, 153.824, 171.356
271.767, 218.082, 90.036
1169.909, 85.827, 243.164
1429.530, 834.816, 131.418
1233.095, 369.686, 83.529
89.844, 617.452, 127.820
72.391, 1066.484, 54.389
577.339, 6.636, 155.890
1004.409, 388.071, 62.028
114.715, 540.564, 162.334
1313.694, 94.934, 144.048
309.583, 654.667, 142.457
1709.364, 952.763, 44.849
1032.686, 557.840, 207.325
1103.715, 949.811, 222.244
167.832, 315.844, 77.428
1663.566, 308.584, 224.924
1330.579, 219.207, 200.859
427.216, 523.378, 134.897
1804.698, 993.765, 29.024
176.727, 888.538, 144.181
1895.784, 475.215, 134.231
981.083, 646.380, 174.818
535.344, 311.741, 206.731
773.458, 130.672, 88.599
583.587, 432.629, 110.251
370.827, 781.856, 117.513
431.001, 151.355, 33.795
1047.547, 622.019, 125.098
1536.650, 529.006, 110.068
1040.533, 697.545, 110.118
1433.486, 218.106, 72.517
865.002, 424.213, 137.650
507.668, 708.402, 107.596
1606.916, 710.083, 237.345
643.560, 375.694, 154.809
978.458, 68.822, 196.091
167.726, 242.287, 152.991
174.604, 693.907, 107.528
1377.710, 577.715, 119.875
774.445, 336.152, 61.474
513.027, 1064.876, 203.043
646.246, 404.714, 139.853
704.153, 850.824, 20.505
994.623, 932.563, 155.155
58.557, 884.707, 241.282
874.614, 469.753, 234.982
892.524, 758.899, 78.660
1214.130, 144.767, 58.496
393.377, 511.465, 185.070
896.161, 680.841, 100.058
1722.345, 803.450, 91.280
1394.470, 867.345, 20.685
1199.644, 1042.112, 225.464
885.910, 699.306, 144.814
1085.598, 626.428, 210.115
281.299, 111.229, 100.420
1514.271, 976.336, 226.985
621.687, 435.632, 37.817
152.960, 138.845, 59.645
309.094, 436.657, 30.556
1700.646, 199.070, 120.872
710.810, 691.017, 146.772
971.751, 803.489, 73.952
354.225, 707.796, 200.174
1672.756, 1002.206, 53.793
1100.852, 962.099, 127.900
925.161, 98.038, 159.780
974.358, 305.481, 26.250
960.137, 1017.788, 44.548
386.347, 1068.715, 92.993
903.961, 1054.154, 45.641
1831.566, 953.952, 22.556
1088.801, 688.599, 25.042
1254.132, 637.380, 68.342
761.401, 705.651, 164.844
929.570, 888.485, 81.132
1192.418, 590.567, 175.289
591.220, 197.292, 93.591
1420.158, 654.235, 26.937
579.465, 232.953, 99.586
1251.413, 691.949, 77.292
1726.056, 779.671, 123.514
1592.377, 564.336, 104.123
1561.799, 442.138, 149.885
716.468, 874.491, 100.207
27.269, 752.260, 131.003
1582.586, 271.183, 87.764
672.523, 96.547, 24.978
82.589, 578.660, 75.502
286.131, 388.635, 160.472
934.643, 198.230, 53.464
1342.430, 203.729, 156.323
433.947, 100.395, 125.749
891.085, 438.581, 53.024
1865.310, 304.219, 39.274
246.077, 440.286, 218.329
644.933, 344.971, 61.788
1039.043, 711.408, 161.837
524.483, 1008.771, 70.793
753.777, 194.820, 31.083
320.417, 930.953, 240.237
307.699, 1067.363, 229.042
33.984, 1034.650, 246.848
1588.419, 177.730, 111.927
444.818, 498.261, 52.618
1099.484, 45.409, 89.645
409.121, 705.888, 22.927
174.206, 503.406, 230.644
916.848, 730.617, 71.573
916.074, 325.674, 23.410
479.667, 412.091, 130.921
1076.421, 380.978, 148.754
1795.289, 343.821, 46.388
1094.400, 801.436, 122.876
1297.586, 113.915, 53.393
1895.364, 38.039, 175.896
409.678, 596.084, 38.220
1236.080, 507.413, 236.634
1351.655, 492.322, 152.144
292.356, 713.124, 220.166
1012.960, 727.722, 87.916
150.388, 719.797, 232.412
1237.477, 583.218, 150.108
1390.996, 325.410, 56.137
526.534, 207.400, 54.833
31.255, 327.718, 28.068
1413.190, 489.061, 97.413
359.711, 73.963, 134.336
1478.041, 817.194, 248.252
703.418, 66.617, 239.664
793.206, 192.210, 98.008
1625.800, 645.067, 214.751
1156.669, 890.628, 212.153
181.541, 252.925, 191.346
183.151, 558.414, 32.691
262.208, 474.004, 139.036
365.095, 654.465, 199.841
13.369, 132.264, 73.785
985.097, 476.240, 78.675
1005.270, 623.728, 157.019
1322.960, 917.642, 123.046
861.608, 58.007, 34.564
1226.707, 655.302, 49.620
99.390, 304.401, 40.084
22.163, 485.228, 38.880
770.810, 472.037, 20.483
1810.545, 597.044, 116.903
1174.192, 687.426, 87.802
7.575, 1072.519, 114.902
6.870, 12.267, 21.677
1742.106, 802.432, 21.195
1456.684, 558.905, 105.973
1140.117, 854.233, 58.314
1447.351, 486.367, 60.828
132.369, 999.707, 115.481
1915.474, 724.994, 59.746
1356.512, 420.583, 141.556
847.674, 624.963, 249.866
668.569, 557.321, 121.888
1435.123, 545.200, 139.898
583.579, 244.210, 122.780
1250.764, 812.065, 98.941
820.994, 583.641, 157.865
1764.933, 724.003, 105.385
913.037, 262.841, 188.282
1714.676, 152.795, 71.430
881.201, 1070.908, 173.007
1254.436, 980.975, 101.148
675.648, 514.353, 232.056
1626.930, 957.139, 213.985
592.366, 424.682, 230.006
977.016, 940.314, 166.229
1663.222, 414.850, 34.139
131.014, 465.952, 228.399
1157.527, 61.812, 175.546
340.328, 156.169, 220.761
235.935, 940.518, 129.720
427.929, 405.614, 179.240
1450.105, 691.848, 202.141
864.010, 68.075, 57.859
1050.624, 735.449, 49.510
1398.008, 305.329, 224.846
704.029, 1011.041, 172.404
5.218, 147.916, 68.497
1810.506, 45.412, 41.029
1244.526, 957.721, 82.413
594.368, 395.996, 133.746
1084.617, 636.682, 177.308
477.970, 112.208, 149.171
1066.243, 611.268, 153.899
1058.945, 1073.946, 249.458
662.441, 454.493, 231.248
506.055, 655.877, 165.058
958.118, 930.602, 55.826
283.322, 426.229, 157.959
312.678, 280.505, 111.233
371.922, 88.650, 177.455
317.531, 828.497, 229.762
1882.062, 919.918, 40.127
260.630, 785.170, 38.567
1672.082, 202.339, 229.850
125.938, 337.861, 186.725
1755.633, 547.502, 175.864
1278.829, 563.113, 54.020
1698.423, 1077.146, 20.263
1482.942, 35.317, 35.021
43.230, 196.171, 184.476
1764.260, 595.896, 182.036
552.019, 709.421, 225.784
1071.329, 63.889, 126.835
879.271, 122.324, 61.513
76.042, 577.644, 35.436
637.182, 115.476, 68.538
1053.075, 4.688, 109.568
501.073, 706.877, 138.619
1474.253, 482.101, 67.519
935.814, 174.226, 146.232
1747.987, 783.130, 157.852
1808.458, 704.381, 198.828
233.987, 254.332, 44.955
682.455, 875.389, 139.538
1439.924, 1046.016, 140.661
50.475, 909.618, 155.100
1581.278, 1058.519, 105.731
1396.331, 591.745, 115.161
328.327, 480.617, 136.044
1353.327, 1060.621, 205.306
602.664, 880.844, 60.521
507.119, 192.871, 98.701
1214.299, 713.663, 117.787
1409.007, 408.160, 131.834
815.437, 877.321, 187.344
1030.300, 168.129, 150.151
1196.476, 1055.777, 219.850
138.222, 643.339, 77.341
1571.968, 313.631, 133.439
341.922, 594.380, 205.287
147.281, 84.378, 189.401
1603.103, 913.618, 47.866
554.145, 19.488, 193.969
1646.997, 1001.771, 225.248
1026.425, 326.142, 64.339
460.909, 770.225, 177.897
1185.242, 268.318, 171.931
1134.383, 598.630, 150.010
1731.154, 784.864, 236.049
1548.407, 889.095, 122.636
1727.775, 1039.343, 86.046
304.552, 354.536, 67.945
954.004, 805.850, 150.068
1312.793, 904.722, 109.469
320.605, 834.265, 148.795
765.028, 617.449, 74.333
1683.437, 826.424, 82.040
1286.841, 46.878, 207.366
1918.192, 655.891, 223.818
747.694, 496.337, 43.015
916.175, 958.211, 46.219
1388.249, 285.174, 205.751
1035.599, 76.890, 31.412
1643.224, 139.151, 107.207
673.488, 925.175, 28.646
1362.642, 767.856, 233.601
260.874, 97.065, 216.968
1218.444, 310.019, 180.810
1248.392, 345.128, 226.195
688.155, 673.175, 200.037
729.291, 247.576, 125.164
1117.219, 894.975, 245.692
1915.771, 493.621, 146.197
1082.519, 913.218, 155.431
854.479, 628.750, 110.491
736.484, 450.134, 222.944
1435.329, 634.345, 73.609
142.121, 437.402, 75.921
1191.220, 267.334, 234.680
1828.761, 244.619, 120.087
285.429, 335.902, 152.831
60.093, 6.490, 107.273
460.853, 1005.742, 248.371
332.233, 601.593, 52.943
1804.035, 333.159, 142.026
1418.627, 702.633, 63.423
784.464, 373.536, 62.986
246.265, 365.825, 203.120
1116.808, 306.890, 176.660
1682.119, 515.509, 228.912
188.254, 992.813, 214.134
943.522, 124.648, 189.118
1881.378, 595.248, 145.890
1915.033, 128.627, 194.497
1566.117, 407.275, 198.081
1510.502, 706.435, 70.974
1491.680, 824.420, 125.819
1616.929, 997.015, 39.998
944.481, 324.048, 62.324
168.104, 831.914, 238.299
491.949, 671.110, 56.723
1002.393, 37.321, 78.216
1848.135, 955.368, 101.723
1018.013, 178.615, 240.470
415.882, 522.705, 70.030
1389.655, 768.774, 47.022
1760.119, 19.514, 222.439
1915.057, 214.232, 101.728
852.245, 183.504, 63.012
1768.742, 125.046, 226.477
713.882, 186.900, 183.829
442.564, 834.384, 230.980
691.416, 179.388, 208.158
597.632, 917.285, 47.772
165.695, 314.230, 194.266
1176.398, 567.318, 243.215
1471.159, 656.633, 41.731
908.220, 433.947, 181.587
1469.202, 649.410, 75.940
917.905, 147.343, 227.421
1568.926, 112.992, 186.560
1207.806, 350.462, 143.013
714.154, 673.247, 70.661
375.867, 861.177, 124.295
454.359, 931.693, 57.864
720.507, 494.863, 150.973
1271.331, 524.041, 188.164
1622.502, 501.972, 173.422
344.999, 900.651, 235.876
54.648, 747.061, 150.798
1625.667, 699.519, 37.459
749.370, 857.400, 213.497
434.214, 337.933, 84.960
835.930, 824.973, 71.747
790.042, 99.719, 119.531
1052.940, 684.896, 107.351
1850.658, 209.174, 113.567
323.068, 765.792, 184.861
18.650, 83.694, 110.880
329.398, 644.885, 105.517
1709.991, 910.110, 247.333
1384.985, 629.283, 98.749
1887.064, 537.790, 225.812
1169.793, 648.704, 123.517
1294.013, 37.976, 117.756
948.579, 591.934, 103.524
390.271, 632.423, 21.477
657.208, 804.636, 38.723
1883.056, 776.313, 85.395
1546.291, 526.989, 91.175
882.340, 44.838, 207.336
1407.118, 1010.413, 98.069
510.568, 433.311, 209.277
1343.896, 117.174, 127.171
873.110, 952.497, 149.663
967.249, 14.623, 71.154
303.838, 143.734, 245.037
1667.489, 65.598, 198.817
701.866, 611.044, 171.731
1445.189, 815.205, 142.850
1750.150, 634.671, 147.642
382.326, 431.749, 190.912
547.887, 131.646, 112.613
1518.030, 975.559, 213.278
1260.278, 926.272, 155.789
1571.780, 223.299, 79.919
1218.444, 271.328, 22.491
702.149, 421.527, 132.571
114.889, 1039.363, 67.546
1916.217, 777.616, 21.250
1193.101, 25.609, 142.650
1028.430, 930.473, 187.691
31.104, 708.311, 82.353
450.644, 664.410, 123.895
1042.111, 1011.894, 144.238
451.591, 820.268, 94.382
1002.036, 979.420, 89.457
665.981, 588.656, 212.659
1656.134, 902.960, 56.052
96.693, 751.229, 28.670
532.009, 1046.743, 83.546
193.694, 389.880, 71.806
1898.281, 359.304, 20.039
833.717, 410.493, 83.354
1454.645, 377.137, 74.761
1680.796, 1015.232, 233.230
1763.252, 219.287, 125.635
991.215, 875.651, 33.031
172.957, 794.955, 35.572
1571.689, 863.514, 200.338
507.627, 904.071, 132.596
946.818, 231.435, 247.247
124.628, 843.109, 156.129
521.327, 558.632, 234.927
1422.168, 905.674, 121.652
1681.984, 470.496, 106.259
386.628, 955.472, 228.969
495.891, 719.063, 182.549
1807.915, 793.407, 126.295
1529.102, 814.191, 133.625
860.957, 939.202, 111.175
124.541, 622.101, 78.953
1133.084, 486.782, 216.973
63.856, 962.001, 246.893
740.616, 1055.979, 245.875
1566.000, 763.976, 93.933
661.750, 1017.165, 220.632
1087.706, 104.845, 100.734
867.908, 507.771, 240.965
294.486, 242.041, 193.042
155.496, 224.956, 59.432
1854.464, 246.686, 153.583
1267.892, 530.474, 41.184
945.770, 790.996, 106.745
1520.082, 622.250, 36.745
694.742, 127.762, 88.991
1256.105, 256.863, 104.349
1822.375, 0.792, 165.494
1463.602, 190.755, 180.083
442.273, 645.398, 152.127
1894.728, 623.911, 142.795
1815.771, 680.235, 54.274
366.028, 125.953, 85.089
1784.862, 934.840, 137.045
1147.662, 497.894, 205.577
736.047, 282.910, 160.470
962.096, 108.179, 102.098
402.216, 165.622, 246.800
981.809, 1020.430, 75.937
726.569, 583.036, 36.753
1139.851, 88.461, 97.220
1204.417, 1029.156, 206.499
1417.994, 669.169, 224.968
841.647, 215.192, 214.815
264.788, 35.000, 208.920
97.793, 338.918, 210.316
896.301, 418.816, 125.041
1597.854, 310.905, 73.835
22.508, 228.449, 148.305
1276.638, 121.096, 191.026
951.489, 278.367, 170.290
1577.727, 640.405, 121.663
566.348, 606.648, 168.039
1169.117, 1030.361, 50.238
1863.643, 457.203, 188.783
307.285, 805.359, 209.358
1256.838, 944.315, 212.440
179.733, 412.738, 124.711
709.274, 821.574, 228.767
1158.549, 193.959, 35.887
1085.720, 732.742, 225.295
1843.665, 606.068, 67.474
1909.835, 49.333, 107.983
616.352, 37.298, 160.363
90.079, 508.660, 71.154
975.719, 151.157, 149.202
1634.342, 868.526, 55.715
116.326, 341.329, 124.280
1307.332, 184.431, 139.995
1034.681, 845.383, 236.769
710.200, 631.835, 79.557
727.684, 228.818, 208.312
1749.400, 946.969, 46.748
1297.696, 490.443, 34.441
1657.856, 149.587, 28.998
1325.498, 1069.953, 208.087
149.205, 719.355, 121.280
1875.839, 131.918, 105.205
19.171, 762.101, 186.599
1748.237, 297.046, 168.398
309.973, 770.599, 212.761
298.251, 647.144, 175.063
749.954, 1048.144, 57.047
1025.954, 16.159, 71.586
145.691, 845.694, 206.990
1825.989, 562.560, 209.644
53.928, 239.855, 214.450
1581.188, 511.199, 108.512
627.998, 704.319, 191.208
1604.213, 918.990, 25.983
912.880, 836.658, 42.328
1725.732, 339.820, 68.508
1723.839, 19.051, 62.263
